0.0,0.0,0.0
0.0,0.0,0.0
0.0,0.0,0.0
0.0,0.0,0.0
0.0,0.0,0.0
0.0,0.0,0.0
0.0,0.0,0.0
0.0,0.0,0.0
0.0,0.0,0.0
0.0,0.0,0.0
0.0,0.0,0.0
0.0,0.0,0.0
0.0,0.0,0.0
0.0,0.0,0.0
0.0,0.0,0.0
0.0,0.0,0.0
0.0,0.0,0.0
0.0,0.0,0.0
0.0,0.0,0.0
0.0,0.0,0.0
0.0,0.0,0.0
0.0,0.0,0.0
0.0,0.0,0.0
0.0,0.0,0.0
0.0,0.0,0.0
0.0,0.0,0.0
0.0,0.0,0.0
0.0,0.0,0.0
0.0,0.0,0.0
0.0,0.0,0.0
0.0,0.0,0.0
0.0,0.0,0.0
0.0,0.0,0.0
0.0,0.0,0.0
0.0,0.0,0.0
0.0,0.0,0.0
0.0,0.0,0.0
0.0,0.0,0.0
0.0,0.0,0.0
0.0,0.0,0.0
0.0,0.0,0.0
0.0,0.0,0.0
0.0004994249806094919,-5.570246123754706e-06,-1.610473984674409e-06
0.0010601442244131943,-1.4398642009068892e-05,-2.283291102890859e-05
0.0016704022368102445,-3.087751585688078e-05,-5.8295269781286446e-05
0.0023357927722162746,-5.2802131290407135e-05,-0.000106591721913253
0.003063535081570828,-7.93918643745592e-05,-0.0001693485907515261
0.003859698854525944,-0.00011000955004351042,-0.0002487205882760736
0.004728311392609901,-0.00014391552455066638,-0.0003465727396067388
0.00567078844335817,-0.00018026032084944408,-0.00046425598450386386
0.006685775345396457,-0.00021812058074976854,-0.0006025405529611926
0.007769162878042049,-0.00025653917621682793,-0.000761593833846542
0.00891446218983402,-0.0002945532060350973,-0.0009409959107691944
0.0101130089438454,-0.00033122809716887747,-0.0011397591500015049
0.011354786618145752,-0.0003656652654739207,-0.0013563955946134007
0.012628305556069842,-0.00039704229165843233,-0.001588939541766053
0.013922179635118041,-0.0004245808936829472,-0.00183507704639787
0.015223598238813143,-0.0004476296437188655,-0.0020920983288082264
0.01652205386205564,-0.00046553325182716027,-0.002357164739773938
0.017803630881153422,-0.00047786635559014405,-0.0026270135715108344
0.01906140206577401,-0.00048402656440333606,-0.0028986312553234035
0.020277766637725382,-0.0004839307806380959,-0.0031682222499099418
0.0214546264984071,-0.0004768159302553473,-0.0034331032826718654
0.022561930735156364,-0.00046327290109450596,-0.0036885520041028824
0.0236240850382824,-0.00044180776037730155,-0.003933250191246012
0.024574831049256105,-0.00041460930620171766,-0.004160142917474694
0.025498041008333343,-0.00037794974093215275,-0.004371849042044915
0.02622976912044958,-0.00033806466428909027,-0.004555009429507097
0.027009965689889108,-0.0002851023871548728,-0.004722839369300216
0.027421777714156405,-0.00023559159292229205,-0.004845202301002702
0.028104814591307585,-0.00016374039654170505,-0.004962912756530094
0.028007012927277395,-0.00011182003515327474,-0.005002431839409111
0.028762112151262766,-1.4007065796005024e-05,-0.005074457726730026
0.027763733796551063,2.4407215896406515e-05,-0.004996367652477032
0.029052683134941918,0.0001670321383675568,-0.005051185146621449
0.02630469473522072,0.00015726697151773584,-0.00478947124465645
0.029264885178566746,0.00039320398904493965,-0.004908808304445852
0.022852875373938743,0.00025861067127653565,-0.0043214026571730645
0.030185102388411513,0.0007116011784955625,-0.0046938696149152305
0.015562902752582911,0.00026648766338658176,-0.003402687954694601
0.03384009197356251,0.0012324992318539338,-0.004159693678139033
0.0,0.0,0.0
0.0,0.0,0.0
0.0010499393056074592,-2.6483893965815223e-05,-8.890590355396432e-07
0.002149868537563116,-4.142780148244493e-05,-2.210018425108204e-05
0.0033078323315723426,-6.882688523246213e-05,-5.921527702859148e-05
0.0045306060586785485,-0.00010580324394535777,-0.00011007054435239622
0.005826454724364792,-0.0001508982557733625,-0.00017609595889598348
0.0072003779081432255,-0.00020282579299466815,-0.0002595077315952792
0.008653853875965045,-0.0002602032586125019,-0.000362261845980978
0.010184627680363673,-0.0003215156660637518,-0.0004857744255527148
0.011786806835623966,-0.00038515065748784434,-0.0006308513186226282
0.013451043888451595,-0.0004494581975024636,-0.0007976685056670019
0.015165300814428634,-0.0005127954077403592,-0.000985792558396279
0.01691518544057303,-0.0005735874549068382,-0.0011942003921467969
0.018685459789891248,-0.0006303363718244307,-0.0014213540182112542
0.02045963291690147,-0.0006816954265826521,-0.0016652177285574595
0.02222287956430621,-0.0007263993493655007,-0.0019234035272260638
0.023958833421741568,-0.0007634231878095707,-0.002193102613276804
0.02565667932264966,-0.0007917180398244481,-0.002471392452691274
0.027299812613606242,-0.0008106677614442014,-0.002754878308038013
0.02888585359437345,-0.0008192839774002106,-0.0030404737542151354
0.03039227473382719,-0.0008175675649873822,-0.0033241941145196064
0.031834457460439794,-0.0008041619871959388,-0.0036033376374119907
0.03316663016357779,-0.000780312161322473,-0.0038728683286048033
0.034447257289459764,-0.0007431867065078832,-0.004131607992865235
0.03556189453775218,-0.0006970376977336018,-0.004371899195008676
0.03668113991068666,-0.0006346819245172529,-0.004596909891956165
0.03750605713754757,-0.0005680406584655408,-0.004792007202141237
0.0384994486919113,-0.0004781934608607978,-0.004971943917778354
0.03888823693256335,-0.0003965605369946556,-0.0051037825449060225
0.03987903371763183,-0.0002739742198445747,-0.0052321439452909764
0.03951703718321791,-0.00019043320144627776,-0.005277337631204223
0.04084776145875846,-2.1421361512823465e-05,-0.005358807349946458
0.03904765591478547,3.481980651671458e-05,-0.005280833075195917
0.04158369604656998,0.0002852250558373116,-0.0053451700996820645
0.03683336999697385,0.00024998062153809233,-0.005076372495619717
0.042644611185186074,0.0006675060119233139,-0.005207904249751877
0.03160206113256102,0.00039892279765938246,-0.0046078098024579595
0.045484974019563175,0.001184904280689031,-0.004989649152893081
0.020737313955712357,0.00035888240572696183,-0.0036787818884957972
0.05357742794650705,0.001934100954708202,-0.004298357661163847
0.0,0.0,0.0
0.0,0.0,0.0
0.0016173848247877896,-5.4715260312388216e-05,-1.8135894293050347e-06
0.003255200371986295,-7.609744126918196e-05,-2.372507533992565e-05
0.004962726725285695,-0.00011375195488980377,-6.277778727461338e-05
0.006743782402765191,-0.00016441798909948226,-0.00011634277895975548
0.008605559224926004,-0.00022617353788801468,-0.00018550588892604828
0.01055123260866428,-0.0002971845750090705,-0.000272370515969263
0.012579463437118372,-0.00037547069589277595,-0.00037886489586755806
0.014684287311357059,-0.00045888956964583867,-0.0005063941511146651
0.016855437566966863,-0.0005451863160569323,-0.000655753720900331
0.019078668733050003,-0.0006320753723363709,-0.0008271072790817994
0.0213369129547214,-0.0007172998729248698,-0.001020012191509026
0.023610661094658068,-0.0007987195127110082,-0.0012334373564897123
0.02588018537442048,-0.0008743159243067574,-0.0014658472860111546
0.028124666710807995,-0.000942304527957393,-0.0017152076941817993
0.03032662598113041,-0.0010010169246792127,-0.0019791521756563893
0.032466653051939756,-0.0010491473168046407,-0.0022548776648834293
0.034534408482843226,-0.0010853308663831141,-0.002539507912668925
0.036510726332793494,-0.001108856084197072,-0.0028296372781602434
0.038398697832373554,-0.0011184046750539606,-0.0031222631442039133
0.04017030753860017,-0.00111416259298466,-0.0034133265823860113
0.041855943379024464,-0.0010941910093436526,-0.0037002883815437948
0.04339227656713623,-0.0010605115073486517,-0.003977879261326705
0.04487494983668577,-0.0010088840477468317,-0.004245273487202162
0.04613702187208102,-0.0009458054159173115,-0.004494226381637142
0.04744238207259669,-0.0008604246640650782,-0.004728706083086698
0.04834811864640004,-0.000770650337991659,-0.004932748183726134
0.04955289807092201,-0.0006480698330929053,-0.005122883108761331
0.049910476930762955,-0.0005394702540478429,-0.005263364166057564
0.05121744691195278,-0.0003716845225923595,-0.005402534063751951
0.05058907829441961,-0.0002629495346090638,-0.005455208772677029
0.05251483178923715,-2.9717971871779967e-05,-0.0055479470395837765
0.04992590790683583,3.7348851718257475e-05,-0.005475400738066699
0.05373010847730656,0.0003861415668533713,-0.005550975183491803
0.0470416310302186,0.00032003238803586417,-0.005285656374498271
0.055670561688380686,0.0009032747923832883,-0.005425573093096577
0.040240562976004486,0.0005054335433011791,-0.0048301597367162484
0.060340044775661426,0.0015914798039770872,-0.0052002270070393925
0.026224181909069836,0.0004304685017626651,-0.003889226002309761
0.07220058536450447,0.002561539892492279,-0.004382670420216646
0.0,0.0,0.0
0.0,0.0,0.0
0.002199193464025993,-8.69610223187613e-05,-3.103153814486317e-06
0.004374244133674857,-0.00011508958550827211,-2.6504518748267875e-05
0.006630602459565107,-0.000163226815110902,-6.829280337174421e-05
0.008968222249429425,-0.000227639623523575,-0.00012542603226611956
0.011391875615854244,-0.0003059430117598662,-0.00019864388528111797
0.013902164499332492,-0.0003957955213941635,-0.00028989457478165837
0.0164947117870929,-0.0004946461952022136,-0.0004010380695997001
0.01916000868962552,-0.0005997416047086325,-0.0005334391395565456
0.02188389753062187,-0.0007081975875778373,-0.0006878639443460334
0.024647943634013587,-0.0008171087480357013,-0.0008644528499467346
0.02743095792102986,-0.000923621797299146,-0.001062751558901323
0.030209265693289453,-0.0010250531948052567,-0.0012817244887885965
0.03295968620811261,-0.001118885314587869,-0.0015198519464624852
0.03565790520115,-0.0012029231855097758,-0.001775117228613259
0.038284697857063024,-0.001275114255604976,-0.0020452044593215826
0.040817983092133754,-0.0013339038208443031,-0.0023273395705812783
0.043248615088896894,-0.0013776186592555236,-0.002618736941099432
0.045554466209981145,-0.0014054927500010653,-0.0029159987156695895
0.04774489554044084,-0.0014158585895467264,-0.0032162694100975877
0.04978480173022195,-0.001409153279262841,-0.0035154086078928045
0.051721239989893676,-0.0013827801047156328,-0.003811137812797234
0.0534696705453139,-0.001339668394222003,-0.004097881666151288
0.05516705585851329,-0.001273978689579704,-0.004375343068779549
0.05658641226847972,-0.0011947307688294606,-0.0046344757274820346
0.05809455459044194,-0.001086987056499342,-0.0048803984184296574
0.05908964313804747,-0.0009752178913360759,-0.0050953137084183845
0.06052637028323704,-0.0008206802820828984,-0.005298243577051743
0.060857213985746526,-0.000686628077394534,-0.005449576077907721
0.06250631283097928,-0.00047438982925078076,-0.005602791284192412
0.06161114491016392,-0.0003422876559818598,-0.005665137251696832
0.06416479315980089,-4.547975623884722e-05,-0.005772970865372346
0.06078682576189178,3.060846270315512e-05,-0.0057074069466895114
0.06589256077382565,0.0004769532628702439,-0.005798494720406078
0.05728750938500496,0.0003795464980989134,-0.0055360459171467
0.06872890962613767,0.0011263698107745737,-0.005689288639195896
0.04901226393119281,0.0006044205294284077,-0.005091054057272758
0.0751664836754019,0.001986391115595782,-0.005459943053974921
0.0319362264351852,0.0005072007628850487,-0.004121706370596498
0.0905945912414295,0.0031944356846307764,-0.004538047728264655
0.0,0.0,0.0
0.0,0.0,0.0
0.0027934726210352063,-0.00012284640859586157,-4.249709402999566e-06
0.00550432839467671,-0.00015802230740536282,-2.9482188288940056e-05
0.008306319233610963,-0.00021697525129996982,-7.45896014122e-05
0.011195201471407167,-0.0002954642843433951,-0.00013598252510815258
0.014172427512318432,-0.0003905828177320702,-0.00021400860540201838
0.0172353650609719,-0.0004994739206650037,-0.0003104368518420659
0.020376367087380984,-0.0006190232945206145,-0.00042703848715428384
0.023582574165245312,-0.0007458762449536595,-0.0005651199902251676
0.026836535088594345,-0.0008765295803237699,-0.0007254050418698489
0.030116515748369887,-0.001007471394022226,-0.0009080019475442285
0.033398363142450316,-0.0011352661920552788,-0.001112442524770585
0.03665544575725394,-0.0012567062568238456,-0.0013376881228249866
0.03986246345707443,-0.0013687903009138146,-0.0015822446318531256
0.04299266027529287,-0.0014689358170008912,-0.001844122881988589
0.046026243195344194,-0.0015547151979267292,-0.00212107987152889
0.04893890288038769,-0.0016243507686913663,-0.002410383939390884
0.05172363282616703,-0.001675851316017684,-0.0027093763387642912
0.054354751307615655,-0.0017084322208285522,-0.003014673008753391
0.0568489635959055,-0.0017200286197471945,-0.003323621637905318
0.05916187973311378,-0.0017113984489305894,-0.0036319781248484537
0.06135948371311039,-0.0016791622033686955,-0.00393781901552837
0.06333106178643447,-0.0016273159224501183,-0.004235172539515274
0.065260491060763,-0.0015481415506739251,-0.004524448669597712
0.0668505720838077,-0.0014535432061044964,-0.004795563246512467
0.06858396977775767,-0.001323911680152825,-0.00505514831831934
0.06967981445179443,-0.0011910493607929188,-0.005283040299271391
0.07137586009975536,-0.0010047242617083267,-0.005501500354310281
0.07168527179110247,-0.000846172477108804,-0.005665931721059294
0.07371081135099072,-0.0005890870321631575,-0.0058364712328786515
0.07254534560592148,-0.00043457500737938826,-0.005910539735466656
0.07577141971353467,-7.296343636508201e-05,-0.006037342386115773
0.07159300471812546,1.1372999904818004e-05,-0.005979934750854742
0.078054340159236,0.0005575073361913934,-0.0060912562100369425
0.06752157148874217,0.00042883736844544196,-0.005830531821525669
0.08182242262041772,0.0013425555271070508,-0.006003876055212148
0.057824357941424855,0.000698481878476682,-0.005396113331991442
0.09003511683114115,0.0023814394152334895,-0.005776579731580156
0.03771235097635261,0.0005866894817891656,-0.004391105393624214
0.1090114713257775,0.003838117871230261,-0.0047497956059899425
0.0,0.0,0.0
0.0,0.0,0.0
0.003399115454465389,-0.00016261265127848348,-4.53829225885817e-06
0.0066430209704481805,-0.000205224103338717,-3.12529605129496e-05
0.009985571983141652,-0.0002753720389878155,-7.972619745958624e-05
0.013417725770764534,-0.0003683298321290822,-0.00014563965187546965
0.016936755066332815,-0.00048061824173732096,-0.00022886464993376345
0.02053619033199998,-0.000608844879321966,-0.00033096139939321404
0.024204937557787815,-0.0007493305930588136,-0.00045359791639172414
0.027927064629313623,-0.0008981269771185087,-0.0005980096842074109
0.03168256719263724,-0.001051123054977485,-0.0007648665818481599
0.035447482729386706,-0.0012042163701433673,-0.0009542347886956407
0.03919608058265137,-0.0013534056538118807,-0.0011656269869132403
0.04290019451393235,-0.001494981156307381,-0.001397997999743907
0.04653398314437787,-0.001625474632858406,-0.0016498839980973708
0.050069452879675486,-0.001741942189798582,-0.001919326367245514
0.053487632459049285,-0.0018415887811061185,-0.002204171427625328
0.05676242812535471,-0.0019224439056448077,-0.0025017346417604246
0.059890115665307615,-0.0019821818325030226,-0.0028095147525722254
0.0628406289563518,-0.002020042655935564,-0.00312413712163138
0.0656393916057779,-0.0020334984358825648,-0.003443204704999043
0.06822990177253424,-0.0020237142703537336,-0.003762335529539388
0.07069998136927588,-0.001986365064889088,-0.004080054571478699
0.07290648980911188,-0.0019267118662594646,-0.004389890056949818
0.07508730885946581,-0.0018348021489493246,-0.004693139199911094
0.07686230176709717,-0.0017258747009629525,-0.004978431175215632
0.07884615288935021,-0.001574912988578792,-0.005254273761697117
0.0800539255599977,-0.0014220108404455292,-0.005497599903820642
0.08204010783889194,-0.0012039963019255852,-0.005734642949353875
0.08233105111145866,-0.0010219877690856951,-0.005914725270382296
0.08477228097803395,-0.0007193446348287595,-0.0061061062903937525
0.0833269542782633,-0.0005434348837054064,-0.0061942121329775085
0.08727873781141715,-0.00011508609207887496,-0.00634401069839082
0.08227536474395562,-2.3438385541248288e-05,-0.006296239325120581
0.09016532502536667,0.0006260890162959659,-0.006432591005818366
0.07766541411007653,0.000465419024026338,-0.006173182054712769
0.09491839787074025,0.001551741127354171,-0.006373064846813461
0.06658407726355685,0.0007849269038108529,-0.005751520160681025
0.10495703962190317,0.002776997511456787,-0.00615248624144413
0.04346332341099156,0.0006644418880276182,-0.004705744956579281
0.12752722242118666,0.0044891574141783545,-0.005007628143062768
0.0,0.0,0.0
0.0,0.0,0.0
0.004009298737271803,-0.00020591573884583882,-3.1919405530776627e-06
0.007777913404151053,-0.00025645930258077034,-3.039338997110404e-05
0.011650699363672481,-0.00033831528038201833,-8.172825594423828e-05
0.015613122272825622,-0.0004462796732413459,-0.00015195371207968143
0.019657467556703855,-0.0005762489036882813,-0.00024036321302418502
0.023772889827549003,-0.0007242673868779144,-0.00034827278528301527
0.02794470045087197,-0.000886080528025264,-0.00047723606124914835
0.03215416219615669,-0.0010571479376774552,-0.0006284107671254443
0.03637944022031838,-0.0012327597522110035,-0.0008024070258684869
0.04059538670907804,-0.0014082402079317515,-0.0009992418573456748
0.04477608564634987,-0.0015790413632084481,-0.0012184046036704146
0.04889325057878811,-0.0017409788253319953,-0.0014588381085139691
0.052922136845567846,-0.0018901378649776302,-0.0017191102046850276
0.05683471138429601,-0.0020232461523679414,-0.0019972891233007006
0.06061433461485893,-0.002137150208808866,-0.002291320562160037
0.06423350629203886,-0.002229724809253801,-0.0025985612421421367
0.06769313515170496,-0.0022982887002848664,-0.002916690627304635
0.07095771615189043,-0.002342161419709379,-0.0032423256995885194
0.07406315396504652,-0.0023582708485822574,-0.003573370716485506
0.07693746296670666,-0.0023482966544352444,-0.0039052561287597144
0.0796940037646088,-0.002306769769024125,-0.004237045674874508
0.08214978102875911,-0.0022404576197136827,-0.004561647446908956
0.0846053835473614,-0.0021367439868081126,-0.004881425347903298
0.08658263920113683,-0.002014741326358992,-0.005183459238446539
0.08884761245866524,-0.0018431470730588366,-0.005478490308300146
0.09018164044291387,-0.0016714835529428925,-0.005740012283900595
0.09249578649405965,-0.0014219162729441294,-0.005998935906663626
0.09277330361045043,-0.0012176936748719482,-0.006197457475374709
0.09567838662085897,-0.0008686327212567822,-0.006413326753347309
0.09394270862682443,-0.0006725180316885458,-0.006517989149598164
0.09868544543505994,-0.00017503778489956286,-0.006694803603851761
0.09282522822295196,-7.726104032625636e-05,-0.006658449784501337
0.10223538046638275,0.0006801960665955972,-0.006824413941216091
0.08770952971547952,0.00048623656552290316,-0.006566641566994827
0.10804053599952863,0.0017523826383603696,-0.006798644878477825
0.07527722566171748,0.0008610037593619454,-0.006160802086147564
0.1199756467269493,0.003172082688245279,-0.0065879448914128455
0.049177207942339304,0.0007380352354981447,-0.005068684954360029
0.14620551006286464,0.005146707714816539,-0.005306707276256118
0.0,0.0,0.0
0.0,0.0,0.0
0.0046192204724942254,-0.00025220858971211694,9.82690633292417e-07
0.008901254186189747,-0.000311264576705447,-2.4800624110767684e-05
0.013291069554525562,-0.0004054619073528366,-7.772052117737923e-05
0.01776780435133484,-0.0005290998087130665,-0.00015139718090083479
0.022317922532216622,-0.0006773962436035433,-0.00024444261555679774
0.026925701297595698,-0.0008458044333861542,-0.0003578929615935087
0.03157278509847491,-0.0010294827590420928,-0.0004931759480736363
0.03623798095122156,-0.0012232996920115992,-0.000651362099447903
0.0408984370945302,-0.0014219542286310212,-0.0008329904307422867
0.045528926534068745,-0.0016202141091458807,-0.001038013579317966
0.05010480845259903,-0.001813002394356405,-0.001265884258637277
0.05459909531080865,-0.00199568759858481,-0.0015155175182719478
0.05898981723459492,-0.0021639268386139617,-0.0017855052052948828
0.06325002510848089,-0.0023141540848859114,-0.002073928443346557
0.06736696967783276,-0.0024428628017796315,-0.0023788351464060073
0.07131194872061451,-0.002547816244994956,-0.002697607356695909
0.0750919923940342,-0.002625948998552223,-0.003028123724461348
0.07866477593434372,-0.0026767258750964506,-0.0033669644021886293
0.08207880454566839,-0.0026964325607534674,-0.003712379336626512
0.08524261655164919,-0.002687393344964149,-0.004059549904238067
0.08829960225105098,-0.00264276126963553,-0.004408170819889686
0.09101829016752667,-0.0025710966283879,-0.004750397448505908
0.09377227326880117,-0.0024566201703303437,-0.005089843205250458
0.09596796675367875,-0.0023229453197381594,-0.005411766509316235
0.09854521364443677,-0.0021314736842940737,-0.005729495531516395
0.10001772677464374,-0.0019424614962940084,-0.0060125557521182
0.10269863228843125,-0.0016614506205425944,-0.006297204631023737
0.10296408415618856,-0.0014363804629964477,-0.006517525833201745
0.10638323862444202,-0.0010398869111168578,-0.006762001645628327
0.10434043801703437,-0.000824905978886597,-0.0068863063025168545
0.10994403422369965,-0.00025556708042080646,-0.007094471722627371
0.10318472044700046,-0.00015309745450027668,-0.007071908992393133
0.11421749540948027,0.0007174017575332008,-0.007272064599419239
0.09759089857867143,0.0004883693805798777,-0.007016949535449887
0.12114917323869082,0.001942426345968384,-0.007285957973150042
0.08384216191898258,0.0009238804310034842,-0.006630098636423998
0.13506979227401048,0.0035649100019762617,-0.0070868987454851115
0.05481000337149246,0.0008051236023352334,-0.005484058203038786
0.1650482806631719,0.005809237139046644,-0.005647673301183973
0.0,0.0,0.0
0.0,0.0,0.0
0.0052128115271852975,-0.0002996902616938685,9.014523772236727e-06
0.009986739109795594,-0.0003679522137301209,-1.2722919639017483e-05
0.014871340392400727,-0.0004753956936561772,-6.535247428612774e-05
0.01983886643252161,-0.0006157082029650523,-0.00014110002093403403
0.024869404753046175,-0.0007833448270178394,-0.00023778085656205806
0.02994199527392952,-0.0009731180010373672,-0.00035611406805676534
0.03503454322697772,-0.0011795696154666261,-0.0004973934491687112
0.0401236056459505,-0.001396964751968459,-0.0006625976159389138
0.04518589324721879,-0.0016194106607266734,-0.0008521874118239621
0.05019688956130448,-0.0018411330243499658,-0.0010660377138233168
0.05513438438436506,-0.0020565442268872026,-0.001303551263418758
0.05997377074942984,-0.0022605986816086167,-0.001563595828890299
0.06469730802084568,-0.002448547686976389,-0.0018447749858477424
0.06927997755798534,-0.0026165749664809465,-0.0021451602224246075
0.07371442807625346,-0.002760827973369281,-0.002462897432627673
0.0779707302797579,-0.00287901219064392,-0.002795366207916089
0.08206370791945164,-0.002967644535668806,-0.003140656079303175
0.08594256151495008,-0.0030264157317015173,-0.0034952680778447378
0.08967101993293122,-0.003050855096761614,-0.003857837940311395
0.09313365377209089,-0.0030440866816361873,-0.004223221238999363
0.09650935289918627,-0.0029976160940739936,-0.004591834941736427
0.09950852773299747,-0.002922128257019824,-0.004954933746251484
0.10258980546716441,-0.0027981120652253574,-0.005317563771264635
0.1050247821567025,-0.0026543912429118416,-0.0056628792112194196
0.10795242244691584,-0.0024439360369384534,-0.006007141659569788
0.10958110999637727,-0.002239188640875003,-0.0063153883436401865
0.11267651114744395,-0.0019268877061130465,-0.006629855381038659
0.11293686490536335,-0.0016824827559231207,-0.006875592863647309
0.11693115094279269,-0.0012374175621414983,-0.007152938008644419
0.11456846151029484,-0.0010049722182022527,-0.007300203684328535
0.12111518667035821,-0.0003606618099335754,-0.007544066559430986
0.11341376172157415,-0.00025491903588413544,-0.007537944513368462
0.12618565049839545,0.0007344865176391759,-0.0077767047024790295
0.10737392694721024,0.00046864225230001987,-0.00752568144694792
0.1343265849796224,0.002119929654486124,-0.007836129601370388
0.09233864019655154,0.0009715851927150485,-0.007161026084890672
0.15032509786620676,0.00395536108649413,-0.007649927523267379
0.06040563268796559,0.0008651703362090478,-0.005952432223294763
0.18414400942517462,0.0064792593977504725,-0.0060297662080931996
0.0,0.0,0.0
0.0,0.0,0.0
0.005782342326674385,-0.0003467236097886267,2.2621684022984466e-05
0.011024589116551986,-0.0004249636236377127,8.790527458316525e-06
0.01637982890203923,-0.0005467418378081797,-4.067917663738561e-05
0.02181271486344972,-0.0007049529294155296,-0.00011631160844769494
0.027296448116777495,-0.0008931913239384079,-0.00021500459024687262
0.03280457207874508,-0.001105574060957006,-0.0003371212522205534
0.03831132512943264,-0.0013359938910821596,-0.0004838060955454234
0.04379135799050281,-0.0015780971148419024,-0.0006559261686526099
0.04922164631916931,-0.0018253936756148724,-0.000853836899538429
0.05457921204412137,-0.0020715766478275667,-0.0010772987160679564
0.0598454330438196,-0.002310559081005461,-0.0013256288933957776
0.06499903464215728,-0.0025369098551513065,-0.001597607585224761
0.07002785659859623,-0.00274548973777435,-0.0018918222818122398
0.07490938779389991,-0.002932274996569973,-0.0022062983683130023
0.07964308889908599,-0.003093067214864251,-0.002539268506168631
0.08419742183019899,-0.0032255732439832934,-0.0028880737676693392
0.08859674332338997,-0.003325849187110568,-0.003251026436982543
0.09277967410288246,-0.0033939059090531995,-0.0036245005315449306
0.09682817143537377,-0.0034243839234574915,-0.0040075633606378004
0.10059768031459139,-0.0034213882312629164,-0.00439466286741347
0.1043089270717372,-0.0033744719219759318,-0.0047870390981044906
0.1076034338259937,-0.0032968228336880782,-0.005174893400666644
0.11103849343093578,-0.0031645639528747153,-0.005564897284043196
0.11372949365837284,-0.0030125195670379474,-0.005937816930402031
0.11704256999965393,-0.002783981905397711,-0.00631319220817345
0.11883966446923722,-0.0025651693442432554,-0.0066510661004146885
0.12239393986699765,-0.002221656231738871,-0.007000247852550374
0.12264923537628385,-0.001959452003184705,-0.007275889411727718
0.12727669976399913,-0.0014645027243292436,-0.007591182416807487
0.12457270402969076,-0.001216013287608099,-0.007765641415296195
0.1321434784676272,-0.0004933369164374041,-0.008050265791430714
0.12344613972450505,-0.0003858281072462867,-0.008064101231922841
0.1380770161804622,0.000728764898395865,-0.008346311800391384
0.116982748892082,0.0004241124399215044,-0.008101466997965373
0.14751113224982806,0.0022826079308280733,-0.008457680191567158
0.1006901460215668,0.0010013421868763606,-0.0077621458464406864
0.16569720602982305,0.004341707830661843,-0.008284587532710521
0.06590524845249808,0.0009158983037047166,-0.006479816904971949
0.20347747236615063,0.007155392775512667,-0.006457526259477183
0.0,0.0,0.0
0.0,0.0,0.0
0.006298459149054428,-0.00038953072454953096,4.291253108558946e-05
0.01196864920741541,-0.0004786885313115836,4.153780879374124e-05
0.017756031328167433,-0.0006163893084015848,-1.3927524894082101e-06
0.023617533659098796,-0.0007943593037916947,-7.430185768127766e-05
0.029519540508024533,-0.001005167302748416,-0.00017301642986140053
0.035430085318451994,-0.0012421286855932487,-0.00029749550600991555
0.041319734448921654,-0.001498412370550596,-0.00044872030410949366
0.047161201567024566,-0.001767000601559892,-0.0006274313702477305
0.05293187434541182,-0.002040782532805269,-0.0008338565397392492
0.0586104467977283,-0.0023129234192690914,-0.0010676072434617429
0.06418237574897026,-0.002576851356803972,-0.0013278797156723557
0.06962998538477992,-0.002826790309148215,-0.0016133214487587758
0.07494756244481238,-0.0030572367058046535,-0.001922470681016144
0.08011516947759871,-0.003264019411785379,-0.002253260541263563
0.0851403277548027,-0.003442601588380352,-0.0026039926788392264
0.08998916113836362,-0.0035907682844479507,-0.0029719223503356703
0.0946975020207508,-0.0037040694697358933,-0.0033555925925852145
0.0991909848332541,-0.0037829506836659994,-0.0037511915739076073
0.10357342067110692,-0.003821015553981413,-0.004158264456227552
0.10766551871553236,-0.003823560170959882,-0.0045707592121589456
0.11173730381463917,-0.0037778447736957392,-0.004990843940673241
0.1153497658724951,-0.003699983616520371,-0.005407504590342862
0.11917428102678929,-0.003561034040606763,-0.005829235004395844
0.12214696853562487,-0.0034026820704207636,-0.006234125533996179
0.1258918346290676,-0.003157184676027022,-0.0066453345824175735
0.1278802648039295,-0.002926237282552873,-0.007017418227370914
0.13195176100722414,-0.002551713004380049,-0.007406322245917548
0.13221419076524352,-0.0022734034444123726,-0.007716492574990935
0.13754913473521319,-0.0017271764265581867,-0.008074885490772002
0.13449410031321055,-0.001464028681285205,-0.008280924035525217
0.14318682250754938,-0.0006591618169201273,-0.008611411631544968
0.13344656102168886,-0.0005510961867734253,-0.008648933814108285
0.15007183945383354,0.0006959178170362681,-0.008979467944232246
0.12659251773888722,0.0003510015376030094,-0.008743209470347462
0.16089207326161545,0.0024283838759638766,-0.009149567467818007
0.10905941165814069,0.001011600974029675,-0.00843275099213726
0.18136867459916034,0.0047252358397276584,-0.008990072155770681
0.0714251345085004,0.0009580206766948681,-0.00706527831077565
0.22322309236340784,0.007843685127323509,-0.006929568911320475
0.0,0.0,0.0
0.0,0.0,0.0
0.006755641209081671,-0.0004256142706498663,7.238538092589186e-05
0.012817002395811275,-0.0005267177087811748,8.976598545413266e-05
0.01900120517727029,-0.0006821586872144156,5.8088835246046226e-05
0.025256762248963623,-0.0008820295912759423,-8.483728197863252e-06
0.0315432174623587,-0.0011176940402463813,-0.00010453741862998561
0.037823201706602146,-0.0013815553942151091,-0.00022956451418548008
0.04406390861707037,-0.0016659814060868436,-0.00038434079989090617
0.05023646132823717,-0.0019632406508253734,-0.0005694224228328111
0.05631920290338131,-0.0022655689328262537,-0.0007848365781295228
0.06229290006565285,-0.002565597922005601,-0.0010299585187387886
0.06814775846048515,-0.002856271208356978,-0.001303781802385904
0.07386990509078736,-0.0031314987381444166,-0.0016047378708038318
0.07946085776329156,-0.0033854267706949163,-0.0019312573582360624
0.08490296558998514,-0.0036137949441517065,-0.0022811172569633057
0.09021289950842393,-0.003811726998848619,-0.0026526659598145068
0.09535320749089314,-0.003977171097234505,-0.003043022987238131
0.10037313855731493,-0.004105116399709358,-0.0034509799730797126
0.10518233202236264,-0.004196575614864016,-0.0038724854838744797
0.10991042273474796,-0.004243949574374473,-0.004307627232510675
0.11433699459155913,-0.004253965287108236,-0.0047497688231213685
0.11878966336998373,-0.004211215440849876,-0.00520213403963433
0.12273609342647943,-0.0041352108110789924,-0.005652340701751353
0.12697864390077193,-0.003991183515697815,-0.006110923398133956
0.1302493249961942,-0.003828614500563023,-0.006553021061353272
0.13446305315531162,-0.003567274599813575,-0.007005760101857002
0.1366537927144878,-0.0033261486685541722,-0.007417736865109945
0.14128982153634215,-0.0029207338019634323,-0.00785257386743137
0.1415573168631501,-0.0026279980336939746,-0.008203239651525912
0.14766229662949398,-0.002028943585134187,-0.008611278206931148
0.14423060858261086,-0.0017525058462352523,-0.008854792183777464
0.15413306890477402,-0.0008614022711049159,-0.009237681336654738
0.14328634119400538,-0.0007540690870891355,-0.00930408486494165
0.16203774107301575,0.0006328912456127628,-0.009689003364965075
0.13605496469643916,0.00024591826984250904,-0.009464766723477028
0.17433293788854956,0.002554344868380895,-0.00992615459231023
0.11729637168917341,0.0009987272991073886,-0.009187098711680044
0.19722805760211737,0.005103154991894491,-0.009779857074551614
0.07684800957304924,0.0009880023172963643,-0.007719655723094836
0.24331648149421817,0.008540616953335118,-0.007454773511242532
0.0,0.0,0.0
0.0,0.0,0.0
0.007103957652321683,-0.00044847534280846384,0.00011198219703978694
0.01349164734088548,-0.000562854171158899,0.00015485007918728124
0.020013888293830086,-0.0007387683165625274,0.00013934361082803244
0.02661112804562351,-0.0009638484572046229,8.285376153457572e-05
0.03323699846147151,-0.0012279350145611159,-7.72341238422208e-06
0.03984911066024785,-0.0015222985949240688,-0.00013132598065350155
0.046411233678112125,-0.0018383403471923902,-0.000288481573589544
0.05289237327927163,-0.0021675067211374016,-0.00047951417646606437
0.05927122528588724,-0.0025013180522859635,-0.0007041909355079451
0.06552973538320872,-0.0028318662685395354,-0.0009615738135383215
0.07166236582448501,-0.0031516281010843896,-0.001250378141277077
0.07765816778905844,-0.0034542632747591997,-0.001568734264944777
0.0835259627345795,-0.003733613562281158,-0.0019149031976470371
0.08924943400300815,-0.003985425531003882,-0.002286432189543789
0.09485532418884898,-0.004204504910233499,-0.0026816885595174725
0.10030101143768472,-0.004389079886734019,-0.0030975958379754116
0.10565142184568602,-0.004533529672222476,-0.00353321148304108
0.11079693631173464,-0.004639595507887782,-0.003984183386686993
0.11589775805631189,-0.0046982967422104244,-0.004451212622640474
0.12068557802476308,-0.0047180643061529096,-0.004926989439659495
0.12555514845017562,-0.004680414785929854,-0.005415931564542357
0.12986727541515247,-0.004608769568459283,-0.0059041334941559035
0.13457401710552597,-0.004461713254645655,-0.006404399767559032
0.13817705766814284,-0.004297513457458973,-0.006888643991210458
0.14291771315991025,-0.004021901154973398,-0.007388314413255706
0.14534321922550167,-0.003773041026642225,-0.007845586795329387
0.15061628294500382,-0.0033372205011270683,-0.008332291245952108
0.15091150645010887,-0.0030320863105291695,-0.008729181299901172
0.15787787334437195,-0.002378741377447655,-0.009193184564499784
0.15406935286622395,-0.0020903899666762506,-0.009479920822587973
0.16529894117634827,-0.0011085304798760963,-0.009921638699470735
0.15330152248717893,-0.001002675642825745,-0.010022140949906482
0.17433589541468694,0.0005331266210244099,-0.010467637049473904
0.14573204916132076,0.00010346329262145027,-0.010259177640009647
0.1882121382786824,0.002657731272507761,-0.010781008866699865
0.125743167979733,0.0009613219817431835,-0.010019390820687896
0.2136332929007954,0.00547859104706541,-0.010648839776913855
0.08242197938712607,0.0010084004120493523,-0.008438515688633052
0.26408519178159245,0.0092579521287655,-0.008028580984951277
0.0,0.0,0.0
0.0,0.0,0.0
0.0073518255552732885,-0.00045551175623842325,0.0001656358683606624
0.014019885477175174,-0.000584591663867058,0.00024346674613436172
0.02083774056557682,-0.0007839056063562797,0.0002510595047421171
0.027736504628182022,-0.001037722117149877,0.00020979592051010687
0.03466422758662924,-0.0013340421748532125,0.00012832599723705367
0.041573975750800574,-0.0016627961769056358,8.396456660105786e-06
0.048426738230075914,-0.0020142643301506117,-0.00015015310394159308
0.05518991298364154,-0.0023789646349755347,-0.0003472625734968364
0.06184312284141832,-0.002747628204140132,-0.0005822657517256725
0.06836958850879779,-0.003111782254372391,-0.000853725686792308
0.07476832054605465,-0.003463428470530154,-0.001159915797947801
0.08103074253448757,-0.00379602064349117,-0.0014985145622700355
0.08717321879917654,-0.004103121640082171,-0.0018675135843737424
0.09317951293851644,-0.004380577326787933,-0.002264136910164694
0.09908721174270788,-0.004622887779320835,-0.0026867454461460705
0.1048462913390063,-0.004828691162169382,-0.003132014914850997
0.11053953364944034,-0.004991701261136583,-0.0035993110011850364
0.11603400537148283,-0.005114573899040517,-0.004083940709001109
0.12152546480662432,-0.005186753168679246,-0.004587325513944947
0.12668997275864624,-0.005218681115815885,-0.005101418342296384
0.13199965792519572,-0.0051883574600009716,-0.0056320102552532576
0.13669363977360932,-0.005123675022223999,-0.006163543622869315
0.1418936709515174,-0.004975692966906367,-0.006711363410958412
0.14584310480699447,-0.004812522795448475,-0.007243910600987973
0.15114719934892518,-0.00452421873594886,-0.007797342411109844
0.1538146433830274,-0.0042701132422610375,-0.00830697500653698
0.15977147503748715,-0.003804334758355679,-0.008853389094463602
0.16008728860365326,-0.0034888645755342886,-0.009304387745130241
0.16797815055724674,-0.0027796993754923716,-0.009833054001746305
0.1637602655126767,-0.0024809084498818063,-0.010171308012586068
0.17640834315975015,-0.0014037260762652022,-0.010680933479620191
0.16318499493884006,-0.0013004237850219725,-0.01082332605162872
0.18664441200509818,0.0003930859143301207,-0.011338022184981623
0.155277952971676,-8.071047221353252e-05,-0.011150951310174712
0.20219520265784705,0.0027341329020312425,-0.011740007115234864
0.13405645264652719,0.0008935780992188321,-0.010955368670821976
0.23029384950502169,0.005845652498259191,-0.011621925821148798
0.0878828994989753,0.0010125308522549558,-0.009242281202404886
0.2853209887642576,0.0099859894539715,-0.00866813565124385
0.0,0.0,0.0
0.0,0.0,0.0
0.007412049714121692,-0.0004359829543061211,0.0002336161993301734
0.01426361769305376,-0.0005817893288023927,0.0003556178805111617
0.02129275437346248,-0.0008091570709412843,0.00039273122400266587
0.02842204711208117,-0.0010974146108758424,0.00037135849866285023
0.035595877683585304,-0.0014321162453976343,0.0003023118547662581
0.04276336973691626,-0.0018014112318183507,0.00018820059962357182
0.04988223209885957,-0.0021941267842424117,2.934272734886359e-05
0.05691668517831305,-0.0025996396911419457,-0.00017370189218357228
0.0638454010463832,-0.003007780975816748,-0.000419706724632787
0.07065047888054045,-0.003409512628519457,-0.0007065901139535641
0.0773337120669081,-0.003796412856588139,-0.0010320487955152472
0.08388666079893603,-0.004161857016278822,-0.0013931705605196856
0.09033250468556119,-0.004499232027541978,-0.0017875813364838997
0.0966530935125155,-0.004804653651548429,-0.0022120803426097283
0.10289761171037215,-0.005072379368091143,-0.002664991672130256
0.10900619917835051,-0.00530164195803716,-0.0031426799564052074
0.11508226874164117,-0.005485452265918143,-0.003644862001283145
0.1209654415063566,-0.005627606659389522,-0.004166456904830768
0.12689305861330855,-0.005715771597207079,-0.004709723357603851
0.13247758460982068,-0.005762745485742554,-0.005265810443604955
0.1382802298146807,-0.005742537962351114,-0.005842078447515337
0.14340300079173984,-0.005688118172734902,-0.006421187644681315
0.1491593120919864,-0.0055420794999793506,-0.0070213137767819855
0.15350498757899958,-0.005383485017490132,-0.0076071763437317915
0.15944933296485322,-0.005084967874979797,-0.00822005105763682
0.16240838331937463,-0.0048290728111749556,-0.008787951956929156
0.16914367669775315,-0.004334641869567328,-0.009400786121853511
0.1695220048759336,-0.004011717811904092,-0.009912662173273723
0.17845523778803507,-0.0032456824895152466,-0.010513662594466889
0.17384727375216968,-0.002938206059046824,-0.01091076276143732
0.18806198036652588,-0.0017606886634448627,-0.011496640699103652
0.1735810523867332,-0.0016602529401053751,-0.011688117044688555
0.19965560742230046,0.00020188790725392695,-0.012280546070796547
0.1653986103341628,-0.00031535549224623235,-0.01212061311353296
0.21701398483138304,0.0027791583832200237,-0.01278467279826623
0.1429171052670248,0.0007940565966752912,-0.011977770147503891
0.24789924342569136,0.006210578539993326,-0.012683785264484026
0.09373450753035695,0.0010064206762582044,-0.010118136069281988
0.307637667474506,0.010747253152753903,-0.009361304227983314
0.0,0.0,0.0
0.0,0.0,0.0
0.007331580830605549,-0.0003889127023780462,0.00032273281431173105
0.014323345097140868,-0.0005535329715439291,0.0005029236810525834
0.021524966765907122,-0.0008135198441359618,0.0005794327104733219
0.02884740563218323,-0.0011417400652496365,0.0005848570586452197
0.03623157934101632,-0.0015207637260814934,0.0005326321455861654
0.043623443906481194,-0.001936595260650355,0.0004265192235708362
0.05097871135011983,-0.0023763378462499513,0.00026761639728739795
0.058259581855618865,-0.0028280423796200136,5.734013852543478e-05
0.06544496778006269,-0.0032805167545486326,-0.0002021495664323071
0.07251613981571553,-0.0037241198077651695,-0.0005077639954177308
0.07947803957581752,-0.00415000380680408,-0.000856326638667656
0.08632131684490935,-0.0045515481929666755,-0.0012440892894394456
0.09307591008714172,-0.004922026661199868,-0.0016681655248720428
0.09971959524028422,-0.005257983093260873,-0.0021248134333412185
0.1063137630815081,-0.005553483077447541,-0.0026123099656964036
0.11278544583539449,-0.00580855724738125,-0.003126674984943985
0.11926122334639418,-0.006015474323839,-0.0036680692500443354
0.1255480533591829,-0.006179431143309247,-0.004231019633215956
0.13193095126986673,-0.006286103336294798,-0.004818799464882134
0.1379495350937409,-0.006351031812343972,-0.005421731507714167
0.14426631085517266,-0.006343732125260044,-0.006049007789562265
0.14982910452176557,-0.0063029046967899675,-0.006681419153266577
0.15616605380327245,-0.00616168085700327,-0.00734033589775395
0.16091408309397837,-0.006011250810404054,-0.007986544840649363
0.16752865117745067,-0.00570499738227633,-0.008666929835246593
0.17077605863269324,-0.005450829729956481,-0.009301776197235417
0.1783291717105205,-0.0049290559161266,-0.009990975724484723
0.17874996650922478,-0.0046016992975659865,-0.01057414792057559
0.18878212116407167,-0.003777826534652333,-0.011259298778127905
0.18373595357961758,-0.0034638095153967205,-0.011727001695914866
0.1996067410292196,-0.002181269693930101,-0.012402271891145678
0.1837732133899885,-0.002084994938341165,-0.012654647280037519
0.2126146346189106,-4.4103525974408e-05,-0.013337946155411763
0.17529630950875189,-0.000606113514323937,-0.013214361060799266
0.23188011444245007,0.0027857118023904407,-0.013964015622526863
0.15153951525937745,0.0006526526593363356,-0.01313547562936427
0.2657427761055015,0.006560674296838687,-0.013882162975758236
0.09937759295385279,0.000976623846295289,-0.011105686588201982
0.3304814506980613,0.011517671662143219,-0.010142016420617305
0.0,0.0,0.0
0.0,0.0,0.0
0.00694768179425855,-0.0002959768999968742,0.0004314060670014827
0.013935529021021385,-0.00048275964643879695,0.0006818400478394842
0.021188892255899157,-0.0007833449397179545,0.0008055456351282456
0.028608652176731978,-0.0011612918058201767,0.0008429426152839319
0.03613529978511966,-0.001595015858876124,0.0008108052492810482
0.0437118639405709,-0.002067512232318156,0.000714408402266547
0.05129004214982296,-0.0025635345544780417,0.0005558778139685038
0.058826113893525496,-0.0030694445082170693,0.0003377215085832806
0.06629492695151927,-0.0035728859282790257,6.326453410743696e-05
0.07367212048412582,-0.0040636838070336944,-0.00026315694534246226
0.08096226854770758,-0.004532731447483251,-0.0006372849444561053
0.08815129581024428,-0.0049736894060127415,-0.0010543364390345148
0.09527450078960363,-0.005379950050945094,-0.001510785748108814
0.10230270408209793,-0.005748792305719417,-0.0020022279461525713
0.10931046369508753,-0.0060742355571959455,-0.0025268751915718465
0.11620862510204749,-0.0063573960687228715,-0.0030803507102436165
0.1231506042468847,-0.006589792310406768,-0.0036633485760392925
0.129905773184872,-0.006778332082139229,-0.004269985246493373
0.1368144457847905,-0.006906479742531015,-0.00490473530525265
0.14333417241176077,-0.0069929488845643815,-0.005557062486204391
0.15024289550670555,-0.007002223150176126,-0.006238273819943857
0.15631674480250127,-0.006979439983744408,-0.0069271898207395495
0.16332414790831992,-0.006847205073619285,-0.007648771629955187
0.1685505765274164,-0.0067100682975317905,-0.008359637076057736
0.17594309467171218,-0.006400203966944236,-0.009112821266678938
0.17955850657782846,-0.006153096394797911,-0.009820406314526282
0.18806129627132004,-0.00560702794081171,-0.010593030687853066
0.18860067648182596,-0.005279989249475128,-0.011254943591035595
0.19989458942227759,-0.004398570007547118,-0.012033223693502251
0.19446567092436765,-0.0040810859021160285,-0.012580431818487623
0.2121937586486386,-0.0026885881759564404,-0.01335584206360318
0.1950051445036252,-0.0025968268175559305,-0.013678710295263534
0.22686138769544933,-0.0003638924699183104,-0.01446488182198323
0.18635329950762936,-0.0009682009665474183,-0.014386213251809107
0.24822480463657998,0.0027461469491310876,-0.01523333403180487
0.16128038032293163,0.00046776983923822426,-0.014385914607989665
0.2851776813874838,0.006908277057762039,-0.015178481470839104
0.1058340654307949,0.0009361833017814013,-0.012172828463396306
0.35504092943116344,0.012341613822046495,-0.010980846617581929
0.0,0.0,0.0
0.0,0.0,0.0
0.006398447579071632,-0.00016166419901097217,0.0005724053164494274
0.013366947130543892,-0.0003738233471028051,0.0009143002570045948
0.020658618046871954,-0.000721957278312853,0.0010995080883632895
0.02815702171016829,-0.0011579380084080655,0.0011780374498368666
0.03580141541537102,-0.001655136686137287,0.0011708168042413585
0.04353309743066197,-0.002192940839521657,0.0010852886660022766
0.05130259665849477,-0.002753330341122299,0.0009253272004989732
0.059063380266727174,-0.003320709165586435,0.0006953234233715352
0.06678942256246721,-0.0038813971254916192,0.0004005271473804398
0.07445234271997615,-0.004424661976118127,4.7188584296278085e-05
0.08205766320733372,-0.004941174914991132,-0.00035885679350377474
0.08958552962665713,-0.005425040942001921,-0.0008114313278958198
0.0970766210445772,-0.005869910650811432,-0.0013061907266926631
0.1044918216257129,-0.006274065466143009,-0.0018379571161107862
0.11191948307255532,-0.006631599306748189,-0.002404922116230271
0.11924987626243039,-0.006945024295587776,-0.003002331570131876
0.12666630757110459,-0.007205103197604774,-0.0036315944823740063
0.13389399943109037,-0.007420811886792757,-0.004286473105960602
0.14133594917656805,-0.007573175856591201,-0.004972925996620692
0.1483565540193695,-0.0076845639943452365,-0.005679589692356294
0.15586364770285013,-0.007713856137498286,-0.006420273573852039
0.1624417731855388,-0.007713394279276593,-0.007171782287729404
0.17012625627480166,-0.007594127517107285,-0.00796319124946382
0.17581531836091752,-0.007475286662203984,-0.008746754789578311
0.18399544023203926,-0.007165771894555708,-0.009582369190289184
0.1879495615084271,-0.006931010839440213,-0.010373437329057876
0.19741916552409472,-0.006363610299522842,-0.011242321905862246
0.19802604677210595,-0.0060418275983877565,-0.011996892353703716
0.21061610399578126,-0.0051033568289374975,-0.01288470973374521
0.20471994708520258,-0.004786315904687569,-0.013528281556948542
0.22437899889932536,-0.003279888396969886,-0.014423354597562076
0.20569942616940123,-0.00319524384915839,-0.014834861013346516
0.24072587787670702,-0.0007594174665817144,-0.01574460678425378
0.19681187731317124,-0.001408135085012719,-0.01572612370425596
0.2642873088245576,0.002649273911739645,-0.01668814397615267
0.17040234584217293,0.0002215671313805316,-0.015824700025936528
0.30459089091703745,0.007226966082148652,-0.016666562996195636
0.11177615094746488,0.0008578208149545184,-0.013398035055272938
0.37999583096590805,0.013163764323342831,-0.011946102537012521
0.0,0.0,0.0
0.0,0.0,0.0
0.005360293490879589,4.7237221321900147e-05,0.0007395210823490265
0.012082820774066298,-0.00019628325929542409,0.0011881368750134129
0.01923006382939546,-0.0006060048298572575,0.0014436098059151222
0.02667191304159648,-0.00111698862032495,0.0015681109555705972
0.03435079959952099,-0.001695242457732843,0.0015880112339812446
0.04220458880910054,-0.0023148542666352615,0.0015136483567756123
0.05017637943378269,-0.0029539073595160614,0.0013511456898499172
0.05820752304566869,-0.0035943176174835765,0.0011071994034018255
0.06626175798450112,-0.0042210239107823054,0.0007893525512431634
0.07429757847398334,-0.004823058175903951,0.00040611399345875503
0.08231522976030518,-0.0053913403389420165,-3.482824420485241e-05
0.09028333861284649,-0.005921012871743064,-0.0005256583866844999
0.09824615006548074,-0.006406466244640486,-0.001061080016132162
0.10615118555325433,-0.006847514874196613,-0.0016350248191006847
0.1141023926183512,-0.007238602098485835,-0.0022456885685820764
0.12196609558911026,-0.007584060997866673,-0.002887920996845932
0.12996067387202187,-0.00787392751014435,-0.003564009516325129
0.13776159296734458,-0.008119657087069045,-0.004267383285023358
0.14584434819288142,-0.008299591671419521,-0.005005768542334188
0.15346951580286933,-0.008440290027985667,-0.005766971334720344
0.16169215598401213,-0.008494413322471618,-0.0065677127770960835
0.1688850128143397,-0.008522349379780919,-0.007382685642211282
0.1773807223079754,-0.00842217896141529,-0.008245652946490267
0.18365301969478587,-0.008329231496318814,-0.0091042248979014
0.1927809994574168,-0.008026895343383514,-0.010025971618200919
0.1972055776103608,-0.007813016469130974,-0.010904992935684912
0.2078382088658655,-0.007230506073381462,-0.011876570127531023
0.208649398929918,-0.006922298721055179,-0.012730945314793516
0.2227775560017984,-0.005930013260487241,-0.013738037037624502
0.2165361274204352,-0.0056195981751173485,-0.014487904936060756
0.23842199970249517,-0.003995621648403037,-0.015515941435734495
0.21830904974068135,-0.003919693270122078,-0.016028192455907222
0.2568576606228076,-0.001265173475232413,-0.01707813908551589
0.2094291936570166,-0.0019536840510701466,-0.017132153825479793
0.28292689418740474,0.002480943049631283,-0.018227335752381862
0.18165263716553623,-8.793565343668739e-05,-0.017354134623778477
0.3267077870311947,0.007541445056042765,-0.018256127461075872
0.11930597224786767,0.0007689921243606544,-0.014705900699475008
0.40773416252026035,0.014074176431761513,-0.012969429160035
0.0,0.0,0.0
0.0,0.0,0.0
0.004177981763735368,0.0003121683267897341,0.00095810046882545
0.010718863174589251,3.214236687801026e-05,0.0015470752436521225
0.017776287960715374,-0.00044954283925544404,0.00189443143627198
0.025190731221804492,-0.0010475866098992315,0.0020771311652203117
0.03290461541872512,-0.0017191891855155997,0.002128532928642276
0.0408550845624713,-0.0024322281544807683,0.0020633958851868097
0.04898502897431789,-0.0031603230603063064,0.0018917815944065042
0.05723214665698567,-0.0038826021367309336,0.0016243993435651543
0.06555828385526224,-0.00458248779626802,0.0012725764215730303
0.07391403323570822,-0.005248830698992046,0.0008482444914040304
0.08229811700383732,-0.005872933390217155,0.00036170480656912184
0.09066724297003838,-0.006451279706152722,-0.00017713351736400578
0.09906965710080808,-0.0069792653281149425,-0.000761876168302044
0.10743562072266608,-0.007458663285533269,-0.0013855389330686846
0.11588537913808528,-0.007884485865116862,-0.0020465002065441222
0.1242555147529208,-0.008263336096854207,-0.002739345975207735
0.13280320285617844,-0.008584557554194665,-0.0034675702072340846
0.1411458081017192,-0.00886256252172687,-0.004224412864188063
0.14984036117802074,-0.009072757561922041,-0.005019801019169356
0.15802996199392857,-0.009246499366306728,-0.0058407949888098784
0.16693433891635853,-0.009329566215930086,-0.00670759832091108
0.17469034886953974,-0.009391322666664939,-0.0075927597140526765
0.18395956982509287,-0.009315666517122321,-0.008535520521875794
0.19074840720630537,-0.009255584993396624,-0.009478603103318082
0.20078510173420686,-0.008966548161607173,-0.01049838753390585
0.20559205853283508,-0.008781566516089499,-0.011479012113749262
0.217351624260825,-0.008189588009988431,-0.012570338341733784
0.21824690163065869,-0.00790319516761908,-0.01354349031502673
0.2338916728291062,-0.006860381799217194,-0.014693225922051356
0.22713956970398802,-0.0065640624248665845,-0.015574005934529272
0.2512764987988615,-0.004820779435248887,-0.01676471197416539
0.22950552704526422,-0.004759586637890502,-0.017406101047518573
0.27171210412213176,-0.0018761907991178442,-0.01862971095688381
0.22046774542450945,-0.0026095983680981855,-0.018782041057816213
0.3003565981774274,0.0022247061156320143,-0.02004004588192807
0.19129643579914252,-0.0004917487981243873,-0.019164609716305556
0.34798900961710716,0.007798374954289962,-0.020134903591470417
0.12554245647186352,0.0006146861162789046,-0.016254702967771636
0.4352776968197704,0.014950901589248682,-0.01419039142310655
0.0,0.0,0.0
0.0,0.0,0.0
0.002179561405825008,0.0006970591898886099,0.0012108177764931745
0.008149122118979148,0.0003690399463352437,0.0019585782248495486
0.01481408190493092,-0.00021037538088215633,0.0024062204247905722
0.021995211987967507,-0.0009259527550822782,0.002649672416841051
0.0296407032274292,-0.0017213046402247468,0.002731702043837966
0.0376787717380851,-0.0025547764729172695,0.0026729517436008482
0.04603455950458878,-0.0033936299045720314,0.002488359527814284
0.05462013551088095,-0.004213659065602258,0.002193307528523032
0.06337524635108903,-0.004997186870126818,0.0018033871236632906
0.07222542376476442,-0.005733914011973057,0.0013343439184452252
0.08115723584737225,-0.006416700097486649,0.0007993670950235569
0.09010742483517402,-0.007044577021554527,0.00021068144485929382
0.09912661284345507,-0.007614856842221565,-0.00042414390335484046
0.10812456355806263,-0.00813212584662571,-0.0010971492782970308
0.1172415457392,-0.008592397994097938,-0.0018070123248619713
0.1262813090436552,-0.009005120966352784,-0.0025481000931321263
0.1355475207180943,-0.009358986460267026,-0.003325383973096034
0.14459322211305417,-0.009671879961043111,-0.004131975931576328
0.1540700591176817,-0.009915969016822113,-0.004980412617108647
0.16299100863507854,-0.010128080080581948,-0.005857003876641428
0.17276262699949754,-0.010246377141186157,-0.006786019684456395
0.18126155748353337,-0.01035026211562886,-0.0077377035107798675
0.1915164549534601,-0.010308027559019462,-0.00875763401335958
0.1990214745927105,-0.010292079858749097,-0.009783188514467129
0.21022026118051196,-0.01002732084678109,-0.010900866754754547
0.21563432292104504,-0.009884921742907341,-0.01198383216550164
0.22883210691358866,-0.009295021631549527,-0.013198582845035079
0.2300583305684951,-0.009045070508081779,-0.014295083120909716
0.24760503096509873,-0.007960616066490272,-0.01559627671563188
0.24058895611621745,-0.007690904047950291,-0.01661711378802259
0.26744650274265125,-0.005828520676060829,-0.0179856101095094
0.24419703242273874,-0.005787530949146837,-0.01876989641703751
0.2906061758731836,-0.0026574556868457556,-0.020189326847636517
0.2355027122617647,-0.0034290032230620947,-0.020456703947339894
0.3223795947317954,0.0018524605958862765,-0.021905339775065088
0.20497281068726195,-0.000993629481085515,-0.021039827053265212
0.37403227717310905,0.008047024197361244,-0.022099533071273113
0.13486851011939985,0.0004516185331892939,-0.017873440885833248
0.46755648904985464,0.01598029199497168,-0.015454127483359382
0.0,0.0,0.0
0.0,0.0,0.0
0.00017366447491842395,0.0011498569768827998,0.001550032933211972
0.005825871537136334,0.0007653708267019159,0.0025130408492939826
0.012307335310725592,7.305456087770278e-05,0.0030952886644181462
0.019385996226017218,-0.0007767528798337067,0.0034156918793157246
0.027008576824369645,-0.0017118035417438982,0.0035297094854074692
0.03510310464731352,-0.002679731978383319,0.0034675803485475177
0.043596721753163696,-0.0036409365333143237,0.003253056076250138
0.05239833989038758,-0.004567758761885793,0.002909796728912318
0.06144614580152953,-0.005441462206763418,0.002460463950110859
0.07065393385159545,-0.006252829215167803,0.0019265073996414888
0.08000462521575064,-0.006996571433962665,0.0013250138178558274
0.08941588421902172,-0.007674768553853923,0.0006709303755808036
0.09894153336369041,-0.008287076726308814,-2.7072213606009834e-05
0.10846542451336989,-0.00884151460407416,-0.0007602903267752159
0.11814833951227738,-0.009335421800643508,-0.0015281571035577113
0.12775325994824263,-0.009781693861382045,-0.0023251632562456114
0.13763481327690663,-0.010168421593476619,-0.0031583111537930313
0.14727067382994946,-0.010517578698319983,-0.0040208441636513685
0.15741839701745114,-0.010797776157274452,-0.004928544386353438
0.16694307513244627,-0.011052093204743919,-0.005867086506501354
0.17746002781155987,-0.011210259369694192,-0.006865637591501452
0.18655454509524907,-0.011362919157638998,-0.00789204701150362
0.19766214982270425,-0.011361150315759173,-0.008999453317098961
0.20570945839191243,-0.01139878669877229,-0.010119457088968936
0.21792694905260496,-0.011167202103476864,-0.011350584283461411
0.22373683633224134,-0.011079216923585928,-0.01255392351470851
0.23822182489765067,-0.010500872958117623,-0.013915608024069904
0.23951350756464168,-0.010300736301374656,-0.015161981983530045
0.258815478900523,-0.00918251085515607,-0.016648841665988658
0.25119802244740036,-0.008953179376037531,-0.017846427428726306
0.280676477800861,-0.006974620430156252,-0.019439065171670353
0.25553210669329895,-0.006967041448882076,-0.020411668961220458
0.30619612427606985,-0.003583804442387716,-0.0220825663115731
0.2467531493040894,-0.004406280812826607,-0.02250983185003288
0.34102477604364795,0.0013433902604237224,-0.024201532706309398
0.21478518339736818,-0.0016457239696529135,-0.02336361606710443
0.39722949484098685,0.00818195426243694,-0.024531384738464793
0.14110447916317753,0.00016971755121294074,-0.01988659693917371
0.4980199852926817,0.01689869787413297,-0.017050354822726994
0.0,0.0,0.0
0.0,0.0,0.0
-0.003272893095578125,0.0017995457166849283,0.0019323378053553919
0.0013301562763573015,0.0013349811568539151,0.00313064121859247
0.007081129439526157,0.0004798854858832774,0.003851723811603495
0.013720301492394987,-0.0005612250280925188,0.004244735712655423
0.021197319207810587,-0.0016899965135878832,0.004382690230219429
0.029411584488454125,-0.002836909059645087,0.0043083485015087625
0.03824518070992885,-0.003952709256011274,0.004055838179318638
0.047552388786970476,-0.00500649800983515,0.0036578533175932707
0.05722680756264783,-0.005980486667990101,0.003144458267246624
0.06713866377893005,-0.006869329675035004,0.0025429868448473515
0.07724996088704045,-0.007672238553693425,0.0018744866739862755
0.087449210574468,-0.008396627908980476,0.0011566635457387017
0.09779368014657497,-0.00904604683695104,0.00039918534092493984
0.10813995375647556,-0.00963318380630657,-0.0003885907515334588
0.11867691498190311,-0.010157247902764933,-0.0012071272912641835
0.12912498006775108,-0.01063525440973306,-0.0020511794588286454
0.1399015587020027,-0.011054650647112486,-0.00293018224238824
0.1504021575866915,-0.011442097030927193,-0.003837590801295345
0.16150842402260618,-0.011762200506856736,-0.004792976707245776
0.1719218641064517,-0.012065159369492585,-0.00578130169114231
0.18349657593972243,-0.012271333587493757,-0.006837431046672961
0.1934952916504217,-0.012484062039559141,-0.007926456684578942
0.20581186088549994,-0.012535443617255726,-0.009110364111293751
0.21474692918086696,-0.012643183023375776,-0.010314093523744983
0.22840750896803422,-0.012461810612540659,-0.01165035516183285
0.23500868220024676,-0.01244987879026092,-0.012966303087955428
0.25130348728034124,-0.011903134093672598,-0.014471360390532496
0.2531113864186532,-0.01177813154151854,-0.01586458586744325
0.2748201611732884,-0.010645197153770469,-0.01754083601346545
0.2670863615026601,-0.01048089135209582,-0.01891875399368037
0.29998387230609036,-0.00839516999200716,-0.020749529793640663
0.27337331630135814,-0.008435949750256584,-0.021922298665377597
0.3292087920092864,-0.004782080542966943,-0.023872140439245734
0.26555373250325287,-0.005648033972017825,-0.024479606272969363
0.36816252076877715,0.0006371448784395824,-0.02645602833248938
0.23239533182118263,-0.002460013942963611,-0.025667054958739485
0.429217972026374,0.008299128006162657,-0.026982582012000825
0.15347651400122456,-0.00011647817661688577,-0.021914135223795046
0.5370316133291193,0.01809589490937394,-0.018633476049839785
0.0,0.0,0.0
0.0,0.0,0.0
-0.006310709682834502,0.002516619341754087,0.0024692638684142803
-0.0020734442923392325,0.0019576149318827995,0.004003292658803892
0.0034896564820116765,0.0009183016015052309,0.0049198365788655
0.010021432468553967,-0.0003351122225305964,0.005405224684457925
0.0174631030543876,-0.0016749547371107962,0.005558039599560498
0.025716036391201715,-0.003013800627296426,0.005442913345310532
0.034672422718541616,-0.004293134680382593,0.005113424652904934
0.04418968334141408,-0.005479434185620194,0.004618636648878135
0.05416457232508827,-0.006556302911990012,0.004000933116071919
0.06445320027008979,-0.007522714445485496,0.0032962006214587404
0.0750128035334968,-0.008382803805538313,0.0025303726834774013
0.08570473350439095,-0.009149984148252478,0.001723814480470116
0.09658970634557483,-0.00983225117321735,0.000886478983006055
0.10748840012831766,-0.010447751749648626,2.756017692337608e-05
0.11861702477572406,-0.010997939061992316,-0.0008553923015456962
0.12964188746038074,-0.011504679078514359,-0.001758089118630228
0.14104822470139305,-0.011954766409328264,-0.002693261352166795
0.1521339628231067,-0.012380305444542807,-0.003654974154593359
0.16391922054649605,-0.012741423587500866,-0.004667465822573968
0.17491725525826204,-0.013096478034946674,-0.005715085686980927
0.18724986738642185,-0.013355353872237118,-0.006839563137101804
0.19781378089969628,-0.013635774922318818,-0.008002972589213243
0.2110147393882979,-0.01374873239848259,-0.00927801429589527
0.22044958182582017,-0.01393867966262186,-0.010582117180294757
0.23519957621527812,-0.013819370704039782,-0.012045373145342871
0.24213363433859902,-0.013900070401333014,-0.013499004796081583
0.2598524459656345,-0.013399145249969328,-0.015181175260190643
0.2616166937231094,-0.01336992624334721,-0.01675932798491296
0.28532228975681595,-0.012236771765614881,-0.01867636332952017
0.2767793815453454,-0.012161536419117523,-0.020290280402058235
0.31271588493071656,-0.009979957381994347,-0.022433278168137154
0.28381327711331567,-0.010096047552243533,-0.023880292874407644
0.3446364357581964,-0.006174710562264622,-0.026204534533986207
0.2758938385167983,-0.007114258281377173,-0.027072251927149533
0.3872059828204766,-0.00028258754217981254,-0.029430609759871364
0.24124206589735325,-0.003519112969504724,-0.02873101576547024
0.45379174843234327,0.008193704536981592,-0.03023815694667119
0.15877930476557658,-0.000625411209669627,-0.024631385096622948
0.5703160791655164,0.01900618624845226,-0.020815168615677896
0.0,0.0,0.0
0.0,0.0,0.0
-0.012053262676197711,0.0035701268937169623,0.003056959744666013
-0.009649968456167958,0.0028646049524946025,0.004942329390016042
-0.005323303176138127,0.0015388090460577723,0.006043933031157189
0.0005310722509359469,-3.8276086535754485e-05,0.006599602837330433
0.007832301722167777,-0.001687237036468334,0.006744001965845557
0.016393647103570236,-0.0032909609724678327,0.006569227206809124
0.025994242419954114,-0.004779102953302194,0.006150175624761395
0.036376406119955754,-0.006119201134083554,0.005552179598429759
0.04735165973884738,-0.007302689504755831,0.004829171841677471
0.058706028174977554,-0.008339570191329002,0.004024834240144352
0.0703671543728308,-0.009244297200501947,0.0031693590872922403
0.08216022130062708,-0.010040201176398002,0.0022853113240464316
0.09415589682744725,-0.010741989512003313,0.0013824586677721872
0.10614326881113463,-0.011374750658051692,0.000469477676032835
0.118380749531372,-0.011942599896529892,-0.00045854520247631776
0.13048192269588804,-0.012472830573434825,-0.0013985193929747814
0.1430182690444577,-0.01295124935624734,-0.002366971496086959
0.1551829614459027,-0.013416016669783154,-0.0033586129123654605
0.16816072510572017,-0.013822035586368445,-0.004402970654960127
0.18025620576806958,-0.014236976809152122,-0.0054835091907885734
0.19390173649336273,-0.01455895531460923,-0.006649820495185031
0.20558542371091082,-0.014922232980533919,-0.007860186696221001
0.22029935787621996,-0.015114339265921853,-0.009199853816136331
0.23085453480962786,-0.01541024744077787,-0.010577038506474994
0.24743835093247926,-0.01537847602423064,-0.012142661726079815
0.25541985384797194,-0.015585332323818809,-0.013708536987140725
0.2754794652559288,-0.01516328004355917,-0.015547954735036512
0.2780329121136726,-0.015272814221650019,-0.017289925268542585
0.3048887168549689,-0.014176107607502266,-0.019436949940243798
0.29647991642559846,-0.014237267511038777,-0.02127358946369704
0.336889188294923,-0.011987387726720611,-0.023733447429251993
0.3066321793946582,-0.012215423084059452,-0.02545417307314538
0.37410694476835504,-0.00801661049483872,-0.028181790641512668
0.3008169309449056,-0.009028029978833906,-0.029327470660002724
0.4224981099708866,-0.0015543441886656652,-0.03212860493767094
0.26552152884794455,-0.004867131386216085,-0.0315518179487654
0.4953292456831796,0.008044626379155076,-0.033324459831738415
0.17657272311830305,-0.0011330191711825895,-0.02720245504968742
0.619954328881473,0.020449862618022046,-0.022829605879193415
0.0,0.0,0.0
0.0,0.0,0.0
-0.01630584339289416,0.004653240662742118,0.003939708706027673
-0.014090641723757904,0.0037757246297573403,0.006364387021483525
-0.009748120401396774,0.002135645964311053,0.007745226201364067
-0.003862467436073031,0.00021565528920909,0.008387261999915106
0.0034605641014698167,-0.0017506326753938856,0.008483209758601569
0.01205136632237986,-0.0036193599530651497,0.008176404623684488
0.021729114284272787,-0.005312098731434723,0.007583288618422419
0.03226372852550777,-0.006799753724866957,0.0067993535902391425
0.04348550483119562,-0.008082348755632676,0.005897555924716634
0.05516764059972341,-0.009181107062879636,0.004931997531469852
0.06723313238133372,-0.010120895410696178,0.003936776257986204
0.07947068644767559,-0.010935460913220374,0.0029349572848522826
0.09195582049543635,-0.011646669800052436,0.0019339795407167884
0.10443025643488953,-0.012287345883557321,0.0009400764159713237
0.11718992225696773,-0.01286453071519633,-5.5870144424027925e-05
0.12977793683003333,-0.013411700100148147,-0.001053165990691749
0.14285671254087348,-0.013913456730799014,-0.0020733485750020334
0.1554922506320114,-0.014414896698998005,-0.0031123275414733365
0.16905195136358941,-0.014864914531095095,-0.004206011770768689
0.18159593200787474,-0.015341910528947685,-0.005337022060036568
0.19590618012458402,-0.01573062183107156,-0.00656432164020351
0.20799797294130257,-0.016184371254551598,-0.007841856269928796
0.22352559854910536,-0.016464171609576795,-0.009270102194419132
0.2343967928641689,-0.016880009725285663,-0.010746523901569686
0.2520480597796412,-0.016949460768214967,-0.012447970550002622
0.26013529279539893,-0.017303791830602742,-0.014163316780185998
0.2816842812497168,-0.016979147427893276,-0.016210515829490495
0.28388372923514493,-0.017257129912187773,-0.018172492502237642
0.31294564137598935,-0.016219198012286353,-0.02062838130836824
0.3032566429034294,-0.016456229978568087,-0.022773159302394944
0.3471594937350172,-0.014162287536168626,-0.025670401029468937
0.3138542693196926,-0.014554028646522157,-0.027787014815853515
0.3872196096395069,-0.010101154719682157,-0.031086316534925662
0.30761284495065216,-0.011251581399866796,-0.03265595723499149
0.43974644081086384,-0.0031550613641562423,-0.036089408514052124
0.2706201054501191,-0.006619260651634859,-0.03572799185540197
0.5194094361082189,0.007462069314582239,-0.03787577092524745
0.1785982099936885,-0.002068177345656114,-0.031052704314752363
0.6548473321316813,0.021214199228706883,-0.025991658120309832
0.0,0.0,0.0
0.0,0.0,0.0
-0.02594491152030259,0.006341053990976974,0.004874222739622975
-0.02699139535868229,0.005168052657900183,0.007829968373702976
-0.02469407224211326,0.0029928842702898048,0.009436517318346108
-0.019711348676904477,0.0005066602522179658,0.010100078600715979
-0.01227908967039069,-0.001954729959055319,0.010094972684998163
-0.002823555882796429,-0.004202707669732441,0.009624571394554249
0.008200908469298235,-0.0061546071073009245,0.008845992765493136
0.02033074181875097,-0.007799754514941811,0.007880412643519635
0.03324568985467557,-0.00916397292065556,0.006815342405458645
0.046618768645822116,-0.010294084584831713,0.005712060789018422
0.0603426578662601,-0.01123504155905448,0.004606458470443892
0.07417256870492672,-0.01203670290254061,0.00352075727964328
0.088211709632765,-0.012730580911834875,0.00245909646988383
0.10217213827833783,-0.013358313863340136,0.0014246153213587488
0.11641510658140455,-0.013929558977338118,0.00040340381567730824
0.13042136656834497,-0.014484024596637234,-0.0006064931687166582
0.1449727036841991,-0.01500412863181385,-0.0016320345685575674
0.1590014723425784,-0.015542392486674451,-0.0026701864173930443
0.17409562627658187,-0.0160404467450466,-0.0037637162781285955
0.18804437231086626,-0.016588991481734573,-0.004893780995413505
0.20404183908768675,-0.01705750540378043,-0.006129694457748312
0.217570774444329,-0.01762170152737824,-0.007419662700190379
0.23505947796904264,-0.01801272536752344,-0.008881648303172751
0.24739199012702418,-0.018581763524997477,-0.010399416083135384
0.2674582359098333,-0.018788997540742935,-0.01218071650662713
0.2769679721123243,-0.01934141798241718,-0.013985393832761421
0.30166234684407073,-0.019166206838775984,-0.016186425285303577
0.30505970079331063,-0.019683942574567223,-0.018308344197682264
0.33843152498260554,-0.01877068970418577,-0.021027505384461295
0.3292834736303257,-0.019272547671042684,-0.023425403195049512
0.37935568287332205,-0.01699905205266984,-0.026734764781341222
0.34496848924402995,-0.017639456280546247,-0.029207460782246106
0.42743028566749947,-0.012948859111722858,-0.033094589747332384
0.34300067005616086,-0.01426444961761996,-0.035081372334810006
0.4888676208585272,-0.005415054327209339,-0.03923133837603062
0.30680481225476147,-0.008928673395529326,-0.03912711339487506
0.5774046441341582,0.006756778245987234,-0.04178881645588999
0.2066016063738482,-0.0030134782952088816,-0.034348981014011445
0.7226494306510355,0.023032965638149216,-0.028604551225957293
0.0,0.0,0.0
0.0,0.0,0.0
-0.03144381845383951,0.007921942683356987,0.006411433971355044
-0.03193573402128919,0.006406006504602488,0.010262203928960996
-0.028936621403070677,0.003672106049452637,0.012242237415544595
-0.023505746944072883,0.0006318626318784885,0.012907123959602586
-0.01592333042607808,-0.0022865056006425234,0.012676184434688292
-0.006520859052199059,-0.004867679276162444,0.01187164006122029
0.004387843637977078,-0.007036953008591749,0.010733139645978737
0.016438465018071988,-0.008805889982972093,0.009430305786959092
0.029366654809311797,-0.010224843578116835,0.008073167697063477
0.042838759516015984,-0.011363802502469393,0.006729385750508148
0.05674220052526763,-0.012285918396998287,0.005432041126165053
0.07078372079475832,-0.013056499266560589,0.004197142020095717
0.08507301731410408,-0.013716454292364108,0.0030207719484804437
0.09926168240839968,-0.014316646071853054,0.001899314331377355
0.11376197588450904,-0.01486921338231916,0.000811331713484161
0.12796414241975138,-0.015420674780450151,-0.0002495922050243377
0.14277070829597005,-0.015950651596387515,-0.0013173185596403439
0.15694734665883017,-0.01652003557699636,-0.002390593538869584
0.17232316411629828,-0.0170619287854735,-0.003520183574853653
0.18636381229805768,-0.017681249451735406,-0.004685804750406402
0.20272686509745477,-0.01822982379450024,-0.005968772677879761
0.21626658877704247,-0.01890955562768535,-0.0073107847782739295
0.23429275961355153,-0.019417118635530216,-0.008850642852143369
0.24648459310654336,-0.020152113263616232,-0.010456162307931179
0.2673995180148132,-0.02050846712408086,-0.01237321698132775
0.276460659952203,-0.021282206042492192,-0.014327168451510238
0.3025400069779893,-0.02127491038314673,-0.01676116273599522
0.30485672474159414,-0.022070308854741004,-0.019128859053822257
0.340534053591996,-0.021308971389327903,-0.02223397628495684
0.3290704726295887,-0.02213533552578405,-0.02501677772503075
0.38309491501664705,-0.01992190380284816,-0.02893514506667494
0.34410815968609065,-0.02090489404361407,-0.0319652525787339
0.433590243809546,-0.016036429838137793,-0.03674120507562615
0.34052441815359674,-0.01766147220475217,-0.03941411091683367
0.4992783833791387,-0.008152259577829571,-0.04466548374486857
0.3018244463487577,-0.01189766461183217,-0.04503195920475212
0.596162342096895,0.00521571619442422,-0.04849783806670574
0.19980687267838457,-0.004793192196816756,-0.04014015768530825
0.7552250790074365,0.023298605032300468,-0.03355272613250625
0.0,0.0,0.0
0.0,0.0,0.0
-0.048284952210226766,0.010655370335644726,0.007983830198596092
-0.05481248937073972,0.008488190145585054,0.012634440404941572
-0.055129054736946764,0.004707185517263525,0.014813489951172433
-0.05056814850987521,0.0006689900917467007,0.015319024470892858
-0.04193291967062906,-0.0030125249846852517,0.014763728627900752
-0.030261706305251806,-0.006082159136090215,0.013592521892904667
-0.016490971567749278,-0.008505178601962284,0.012111024181558863
-0.0014217917384808192,-0.010360948190102174,0.01051867938989772
0.014452101731290861,-0.011763810725081396,0.008934573757039332
0.030686782969375662,-0.012833401316678202,0.007424792362634373
0.04716756646784264,-0.013665164171931305,0.006015373591619078
0.06359550348570797,-0.014345652981478567,0.004713887862898775
0.08014589973712344,-0.01492593287190815,0.0035071992526179156
0.09645483568322116,-0.015465139826948816,0.002384332107017015
0.11303479330558658,-0.015975728257273985,0.001316087595794851
0.12920673382768197,-0.016509818745713643,0.00029166630671082156
0.146036640841348,-0.017042163724217973,-0.0007295220827919981
0.1621213884802807,-0.017642173240207566,-0.0017474477551673129
0.17958478716011705,-0.018232460898624077,-0.0028206710190254013
0.1955380368615477,-0.018934245364597157,-0.003926389652227656
0.2141912054442016,-0.019579020540265595,-0.005158221463749016
0.22969021824944474,-0.020399917293318397,-0.006449316179088209
0.25039174035860284,-0.0210542913012807,-0.007961147144350278
0.2645965165490504,-0.022000224531755812,-0.009541370635545464
0.2888458621385611,-0.022555707906454045,-0.011479557786460063
0.2999206804292784,-0.023624512174629787,-0.013457467779861542
0.3304252902509428,-0.02386288629801969,-0.016002456231338853
0.33457148114662816,-0.02505061103197804,-0.01847755637659488
0.37644946220184694,-0.02455274361672975,-0.021846096810159917
0.3661653328370344,-0.025866431499917318,-0.024865762920338187
0.42923657113671193,-0.023846931964385466,-0.029289057429843935
0.3896657616674442,-0.025362112675259927,-0.03273423821327444
0.4925837571477473,-0.02040369740586539,-0.03835780777039324
0.39450411247205014,-0.0224600830756877,-0.04162163145536453
0.5731764047878738,-0.012140026110071799,-0.04807235778358265
0.3601393516633941,-0.015996047032100846,-0.048928594498155766
0.6845609214514911,0.0033283759130859156,-0.05346257416635929
0.24798762658964357,-0.006684078326948945,-0.04439158646208475
0.8569677819601783,0.02569522686679208,-0.03705154424695635
0.0,0.0,0.0
0.0,0.0,0.0
-0.054639695192316,0.012917646086316483,0.01087095980090657
-0.05838951121102542,0.010029575837631937,0.017025587154992805
-0.05618545440185589,0.005265889108755697,0.019587741715361043
-0.05028594036471267,0.0004021541500419158,0.01976740949946274
-0.04144617219430293,-0.003836875763212285,0.018549113760567105
-0.030280777497182,-0.007216906098735658,0.01663491089585835
-0.017287189345477582,-0.009765070659544711,0.01447104002787523
-0.002997710722235473,-0.011623175481031246,0.012313139144210101
0.012214188537679126,-0.01295510727844891,0.010287747348704244
0.02790112698113678,-0.013917569179337208,0.008446504877694421
0.04393322440902457,-0.014630373449873451,0.006794080484097229
0.059944364967233627,-0.015197488661564005,0.005317746959565462
0.07611501625444887,-0.015678228737129703,0.003986689725191084
0.09200567905694822,-0.016139464923378845,0.0027768557194745927
0.10819396331374881,-0.01659313569995206,0.0016476873729830413
0.12388645786198527,-0.01709712433817223,0.0005816423231113707
0.1403030831004162,-0.017620208895673492,-0.0004700517057749988
0.15582405798594956,-0.018241225402794888,-0.0015095551900309822
0.17288444572246262,-0.018870493416075326,-0.0026040412519784287
0.18816724316849634,-0.019647956716180384,-0.0037284948175972665
0.2064933900465559,-0.020381390675050175,-0.004990035134551849
0.22116432647646353,-0.021340497362782422,-0.006312862692286399
0.24172323139543483,-0.022136485275860145,-0.007884143423745292
0.2548251051101702,-0.023296906996710925,-0.009529374333526129
0.2792986860893008,-0.02404994652449094,-0.011589748303936878
0.28875385503449935,-0.02542897527751155,-0.013697333011975243
0.3201595370842519,-0.025917455624508316,-0.01648337069192437
0.32168900945388035,-0.027533761283099586,-0.019203983050928
0.36567960751573736,-0.027315442817238744,-0.023027816870004388
0.35089837522170475,-0.02919306526967828,-0.026489001383717424
0.4182859984375604,-0.027411163256439882,-0.03173313090615938
0.37085322926780345,-0.029615023266708822,-0.03592042324483599
0.4822366808153434,-0.024677849692372546,-0.042922908000630366
0.37068868118556064,-0.02746563877654141,-0.04726987788845836
0.5658554774297395,-0.01659090073266402,-0.05571241652873748
0.3310326992339197,-0.02101262141967797,-0.057552568839777565
0.6866858641141643,-5.009906301061307e-05,-0.06394522325667668
0.21937758622934725,-0.010163448011204472,-0.053705576616870816
0.8769049239409804,0.024605691258512894,-0.045580841545972514
0.0,0.0,0.0
0.0,0.0,0.0
-0.08626339093887218,0.01758269535450794,0.01371398459548595
-0.10144319866164601,0.013232407178223632,0.020972337831991334
-0.10415010365264303,0.006465172753207709,0.023424404199453394
-0.09788671773174158,-2.2372658485110645e-05,0.022940363500005292
-0.08519504805618593,-0.005255585574518824,0.02093613407117977
-0.068491842392981,-0.009066868951030257,0.018320402198411353
-0.049550325242943595,-0.01166118192301946,0.015609107720012899
-0.029596068947491484,-0.013352959927610703,0.013062268629323352
-0.009249403035395887,-0.014429300085062663,0.010785465561440473
0.01100795165259685,-0.01512117709419433,0.008803045235304294
0.031142521123731583,-0.015585096207439595,0.007093569490126114
0.05085942262747394,-0.015942076905251127,0.005622705179475021
0.07047295248408324,-0.016254167569026902,0.004342271797022434
0.08956188796252372,-0.016590094964667842,0.0032159034815040623
0.10885134709753637,-0.016955706266405628,0.002193042821512919
0.12747915073873492,-0.017411268469634613,0.001250622920832689
0.14688128363408845,-0.017916080512896983,0.00033343032276066917
0.16523307931247194,-0.018557912213647467,-0.0005615610029661685
0.18535270389221487,-0.019232120972575355,-0.00150823129303949
0.2034694612000053,-0.020099853267506924,-0.002477914295777149
0.22513312018698448,-0.020941700983231712,-0.003589378635939517
0.24271005252983874,-0.02207084597613469,-0.004755882895764527
0.2671567791018885,-0.023045757045360483,-0.006189171686445959
0.2832581386634874,-0.02447854815685586,-0.007688689540180616
0.3125892295915166,-0.025493531614859018,-0.00964905649517017
0.3250846753642061,-0.02728439803618194,-0.01164333860534769
0.3630114462391071,-0.028131309234553124,-0.014417449173406132
0.36741867020405283,-0.030350684843165946,-0.017097331097418927
0.42075166223866456,-0.03058672416007805,-0.021092143728946754
0.40815815762006463,-0.033311647322986276,-0.02465631090808837
0.4895872661909441,-0.03201829946673156,-0.030424775332878493
0.44234296935581435,-0.035312182981996544,-0.034972752425512406
0.5752152715781635,-0.0306494539555429,-0.04312229283165811
0.45844325344693077,-0.034571053964195325,-0.048201954538835384
0.6859329462980135,-0.023059066243341156,-0.05865833977717754
0.4314324111399017,-0.02809098859327112,-0.0613562229602653
0.8347107953927834,-0.004135535721654083,-0.07007845590660455
0.30880182040120474,-0.014049681507283179,-0.0590960846774775
1.0482592515479736,0.027969543122355195,-0.0505433865130268
0.0,0.0,0.0
0.0,0.0,0.0
-0.09219749043815482,0.021075889947286836,0.019528248439067017
-0.09808312542242928,0.015424644978827022,0.02916661739641887
-0.09386798680337649,0.007333560382068241,0.03156252220060963
-0.08491871334987083,8.700018204364234e-05,0.029808884511332966
-0.07278903239031642,-0.005393666901723109,0.026206806421415305
-0.05829758320606027,-0.009126174372286449,0.022134259232889118
-0.04203933678020103,-0.011470380832870764,0.018272942687502382
-0.024674784195905995,-0.012841754182776806,0.014886568215685935
-0.006651163352126626,-0.013586625573825785,0.012022940050983845
0.011510979990469322,-0.01396975490237546,0.009639566545563255
0.029722056347985474,-0.014163261364714947,0.0076588737315148765
0.04758622524773304,-0.014295706958632843,0.006005200382032369
0.06541099159819318,-0.01442759556567316,0.004601334353071116
0.08268082051421279,-0.01462777032367142,0.0033916266216326473
0.10019210361403269,-0.014894568091424625,0.0023118498225348214
0.11694157101051228,-0.015290355014025044,0.0013308226296581114
0.1345438029526608,-0.015763626945816372,0.00038588499820285584
0.1509028000205443,-0.016411818145396908,-0.0005283069815089421
0.16921274380081758,-0.017113262664798866,-0.0014923939000983032
0.18515704766302019,-0.018052833792144046,-0.002475421660909678
0.20505331709909724,-0.01897976523510966,-0.0036075499450174573
0.22016637152004523,-0.02025694396728869,-0.004792640754241602
0.24300093786207946,-0.0213809349329853,-0.006267345593830013
0.25613268512052806,-0.023062655558548428,-0.007806364780390493
0.28423008398202515,-0.024302415212057515,-0.009861410164789084
0.2928363475655196,-0.026485779196572485,-0.01194554610259254
0.3303317144928239,-0.027646527218866866,-0.014934559795871508
0.3291307335992408,-0.030467587297450208,-0.01781414621132244
0.38361404076757855,-0.031111673172664674,-0.022282704905831348
0.36220856556539555,-0.03473771442130161,-0.026275940834522008
0.44783874876253404,-0.033917104110840875,-0.033053201406492705
0.38606316025090864,-0.03850858983308648,-0.038479792632035395
0.5290940225686629,-0.034249724730212094,-0.04865894044943414
0.38849263840600795,-0.03988059336473678,-0.055339594646237035
0.637995037493072,-0.0283023665283288,-0.06937776933595491
0.34745664798516757,-0.03510988330764074,-0.07404772604237002
0.7946467464344567,-0.009826758088171583,-0.08720238548089419
0.22755844538732203,-0.020314792880435938,-0.07495932155921321
1.0301253242634436,0.02382124851966691,-0.06686653258589947
0.0,0.0,0.0
0.0,0.0,0.0
-0.15779676449342156,0.030418526781890925,0.024741872301133692
-0.18445790308124616,0.02206281105563098,0.03532288124743923
-0.18522181181239605,0.01097130931618457,0.036500382601078664
-0.17049318972924196,0.0019593892564348206,0.033026787977216324
-0.14716700499005814,-0.004027582173672794,0.027941960015787446
-0.12010858924369155,-0.007441805496269222,0.02281816055101047
-0.09204930210670165,-0.00908583988794764,0.018307832951155432
-0.06438383822067892,-0.009671864177217158,0.014583112332131044
-0.037545440760335676,-0.009696242041383954,0.011600651439065662
-0.011803082887366029,-0.009478894038599452,0.009245427623036
0.013073208672194695,-0.009196483278316295,0.007387824300239225
0.03690761076391159,-0.00896498031242295,0.00591690526636378
0.06024449215745863,-0.008824429742107846,0.004732819001908493
0.08264617491813803,-0.008829614617097392,0.0037658598964993802
0.10511264083344683,-0.008961153121132272,0.0029435880595748945
0.1265885333301624,-0.009277383278240675,0.0022304594817736684
0.14895707762032065,-0.009711143646941344,0.0015613793931648799
0.1698961609713102,-0.010368124617440687,0.0009310524690205662
0.19306824064998326,-0.01110658398568366,0.0002575436936046394
0.21361581416213601,-0.012137473628212391,-0.0004249845544564047
0.23876527844288317,-0.013174856015980469,-0.0012509049951554725
0.2586142359233918,-0.01463927359204071,-0.002115548616997122
0.2874889457570895,-0.015957521225641653,-0.0032699354708452984
0.30553035603662754,-0.017958738875811835,-0.004467175815069193
0.3410859501704009,-0.019500771800312924,-0.0062004360368011395
0.3547086510136289,-0.022205390496680282,-0.007927998598971541
0.40218609208601447,-0.02381614513717387,-0.01063472693876056
0.40583491462924604,-0.02747968599862296,-0.013169350269418189
0.4748164835879413,-0.028773730863233576,-0.017501878940604763
0.45739259960121603,-0.03374723812473121,-0.02123510152394455
0.5655700950587147,-0.03380659568740562,-0.028276398487842466
0.5051998752201666,-0.040463946196382085,-0.033706836389727504
0.684606337632577,-0.037164705141486155,-0.04509726614949719
0.5382182720696754,-0.04559853631438205,-0.05238539623037599
0.8458734623232094,-0.03420626040398575,-0.06945861084416778
0.5283191781713159,-0.04377231684956902,-0.07542728501567444
1.0648786020978014,-0.015148858564990616,-0.09344928510221515
0.40286890653893576,-0.026851251397638644,-0.08078523396888163
1.3581789610024613,0.02984869541897891,-0.07411721944048341
0.0,0.0,0.0
0.0,0.0,0.0
-0.15946391406369415,0.03815510010755832,0.03632169516665802
-0.15729704090883326,0.029400408768696002,0.04979980362925172
-0.14206824910247456,0.019015085382581846,0.04917442394733813
-0.12469663108187799,0.011549291253390999,0.042406718599406104
-0.10618548597591695,0.0072397625319507285,0.034225749484921957
-0.08651200018430026,0.005301334601497175,0.026771906603907374
-0.06593032186367438,0.004859625027064178,0.020694998147189964
-0.04504503516102449,0.005225407985312137,0.015976500556266433
-0.024242923563569208,0.0059446281782775156,0.012377101593292738
-0.003988430612626369,0.006735888484913002,0.00963610859990253
0.015783267030352235,0.007456848956206444,0.007529900496510184
0.03473259495764203,0.00801820708368491,0.005890399467841432
0.053357175688823845,0.008404849200299226,0.004584656376906437
0.07109729167215123,0.00857727026534505,0.0035232906953360805
0.08900089217720804,0.00857292260659144,0.002623172285966025
0.10584616754702669,0.008337396279455605,0.001841882192263261
0.12368066482037265,0.007953852524074547,0.0011113289938773372
0.13987443939774424,0.007307908176334897,0.00042372609014584465
0.15847374862186808,0.006562635289062785,-0.00030356760776641015
0.17400136927312126,0.005479710150305427,-0.0010368339621156996
0.19452095021034044,0.004383829229439205,-0.0019123744368539437
0.20885041783295968,0.002792835534358675,-0.0028228592890353313
0.23309816714434306,0.0013589541040978314,-0.004028652464264373
0.244743449275754,-0.000876654879051935,-0.005270953136238652
0.27588205891536066,-0.0026065125120170733,-0.007075873175392412
0.2815362372374623,-0.0057198423767388625,-0.008862219870409535
0.3253036482884913,-0.007615142061608998,-0.011714777151419673
0.3180659927998965,-0.011984354751519214,-0.014366000110415424
0.3850950175371362,-0.013694401293636803,-0.019065799427483453
0.35125377306438343,-0.019891133695328304,-0.023098024203660073
0.4613815455316053,-0.020545869834057373,-0.03111242985800976
0.3742974269528373,-0.029327661590658683,-0.03735140260763021
0.5640358486731194,-0.026867544176932913,-0.051243364887900676
0.37334948929447076,-0.03890824862595732,-0.06053140433053148
0.7092519125806175,-0.02862455626885296,-0.0833550683520847
0.32435477248152195,-0.0436546930819325,-0.0928580290713868
0.9239051794438646,-0.016167992485205927,-0.12080362733603249
0.1956452896415118,-0.03291752842424759,-0.10772550057857361
1.2365998145015105,0.021478758855266705,-0.10750839909572853
0.0,0.0,0.0
0.0,0.0,0.0
-0.3094536601401468,0.062335553451271966,0.04339929234471616
-0.33889277317122407,0.05176822784116985,0.05540731509223516
-0.31898613681554505,0.0405790878026345,0.05142688809740699
-0.27841549763986817,0.03449504136290513,0.04199847604497802
-0.23174096418849782,0.032753924634851994,0.03224357888659003
-0.1860075533500885,0.03357078411546315,0.024082774846402987
-0.14357973082143663,0.03552191366135766,0.017875786691049476
-0.10483155159774556,0.03775183819775648,0.013372869896545108
-0.06922897649860038,0.039842781452739034,0.010177069458055367
-0.036370363402315566,0.04161539406168821,0.007929326299189752
-0.0055074124233171285,0.04303130356468573,0.006350760336863706
0.023454759282543137,0.04408145931871207,0.0052438574727914035
0.051376907923112565,0.04481132193256782,0.004464084927264502
0.07786369841777958,0.045218649259296716,0.003916885799608264
0.10422456549182477,0.04537238186559433,0.0035223250724636815
0.12923189284181935,0.04522971077732791,0.003238418482115531
0.15524173637948435,0.04489502190250474,0.0030058841609703034
0.17942037443526357,0.044247192971804884,0.002816197168400431
0.20633258682361094,0.043473539155522246,0.0026002433278325752
0.22994317643326667,0.042306535637212955,0.002386234169289606
0.2593349363123733,0.04111332482845287,0.002058695085508687
0.2820386943276358,0.03934250468983665,0.0017107777910333923
0.3162777819837447,0.03773373727206002,0.00111474856204195
0.33669112117682837,0.03517750357451983,0.0005013637777514927
0.37984746631447747,0.03316848910936788,-0.0006067673811429328
0.39460800069895463,0.029495874805305983,-0.0016750550706191173
0.45408807372057475,0.027163576939470885,-0.0037275402807681233
0.45591931866186136,0.02179824059904657,-0.005556204773746494
0.5456182913512395,0.01939389583036424,-0.009379050735845938
0.5197448851412749,0.011374617882746796,-0.012503807518445372
0.6659984401150262,0.009600513836379382,-0.019742903960374553
0.5831441056618507,-0.0025443931741498654,-0.025140522201564163
0.8350418690329535,-0.0018112771923933521,-0.039005121463215
0.6377043496642826,-0.01983004050814964,-0.04805323014652102
1.0839344461252058,-0.011520097588695022,-0.07331790136019876
0.6577280994383479,-0.03587851490616986,-0.08416530952959558
1.4503376347423165,-0.0069426193850805965,-0.11929698542241658
0.5497651461979713,-0.03481036652976425,-0.10766204395074709
1.9492329489092235,0.0396243391714352,-0.11387511226281224
0.0,0.0,0.0
0.0,0.0,0.0
-0.28488249549265726,0.08749389394898405,0.06194676107798554
-0.23292528955205682,0.08731288051373955,0.07474128027859979
-0.1877191449949831,0.08837573058468087,0.06545312467791548
-0.15563397788485972,0.09208722566229616,0.05051114843849045
-0.1288148441863727,0.09685324448100964,0.03685205037373484
-0.1036973778296093,0.1017029327540937,0.026371131875630033
-0.07952128148723439,0.10613388635411494,0.018907607464949693
-0.056530914206995526,0.10991955455457576,0.013741503992226773
-0.03479377446138881,0.11301253188486525,0.01017539300839259
-0.014491172803995884,0.11544437388899732,0.00768715001421316
0.00472940674355571,0.11730143425640563,0.005919162031030202
0.022682450058790084,0.11864962134150474,0.004637624140418567
0.04006613749752358,0.11958413726295213,0.003684327038137331
0.056318881751423765,0.12013161757868378,0.002958062399441516
0.07268708993250425,0.12038479872070025,0.00237991901138474
0.08778134540629536,0.12030901886916848,0.0019057404895627512
0.10397922796258083,0.12002492174857159,0.0014818634044276113
0.11821471095978192,0.11940535768448458,0.0010958420687276465
0.13521590493691296,0.11865778029827426,0.0006885844945300385
0.1485216696271897,0.11749064635299183,0.0002794097647625353
0.16767758487716433,0.11630879453041115,-0.00022975606521868453
0.17933220966976637,0.11450281057330826,-0.0007636536365781457
0.20284092534784154,0.11289320325497365,-0.0015202591906794858
0.21091355286913524,0.11023964379803845,-0.0023013904622361937
0.24276979806813875,0.10821589238306706,-0.003537312513622513
0.24296162488535508,0.10431989946715152,-0.004746088155663929
0.2907129935268009,0.10195475114865156,-0.006891861617305322
0.2739420473660427,0.09609931868937925,-0.008833030235682889
0.35211667085811227,0.09363475663063107,-0.01276741813282853
0.2998734604493873,0.0845425132461853,-0.016022837230433455
0.43656017442213,0.08263303527892366,-0.0236652987226238
0.311873168628131,0.06808421905185719,-0.029455472407743436
0.5606674433564243,0.0683307652518197,-0.04506135200074473
0.2919839256751922,0.04475472684362265,-0.05563982214291327
0.7530188906710465,0.05099241230094994,-0.08722060287764316
0.21149677587308396,0.014073420028416314,-0.10248754383627327
1.0598369647022357,0.03536834844746959,-0.15520575858036292
0.05446945175921219,-0.01443052155233231,-0.1462378510027057
1.5176928991824237,0.037055635855452504,-0.18001602746481227
0.0,0.0,0.0
0.0,0.0,0.0
-0.6450862426872299,0.16049661132298965,0.05616507095899804
-0.6161652675529077,0.16912645328346598,0.061511622532981446
-0.5212247225490769,0.1796514160287971,0.05029519523177989
-0.42176821395986264,0.19311395163187067,0.03635273231265025
-0.33465873957213804,0.20603014089928262,0.02461617548257597
-0.26189969857246875,0.21676732025530293,0.016196761608900368
-0.20079521270931264,0.2250793356617987,0.010682856947218612
-0.14836093145017112,0.23130006493570185,0.007279884578015938
-0.10209825392956044,0.23589476223158753,0.005280091398431796
-0.06052122699696946,0.23925644080930603,0.004175763317169913
-0.022212429231999377,0.24169881436800658,0.003638858128203972
0.013284441197440815,0.24342078731652467,0.0034626135372212642
0.04715577945489699,0.24459762560134646,0.003521778674496016
0.07910493477930866,0.2452995281333445,0.0037330385674665947
0.11071158162134227,0.24565111062059347,0.004048293760899018
0.14065356316329158,0.24562902000792433,0.004426542408358934
0.17166921688091644,0.24537355494773858,0.004850325482671612
0.200546850601761,0.2447508451274356,0.005290063356295555
0.23258339388908172,0.24399194388627057,0.005743387105018494
0.26079625549786467,0.24277692461848563,0.00617761022158897
0.2958342374392772,0.2415548390252141,0.006599511698880169
0.32303175195318473,0.23964671761164438,0.006964112371566391
0.3640756406015387,0.23796886342710563,0.007280254632521797
0.38859561555043753,0.23512138233378502,0.0074870157249793245
0.4409199519692247,0.23299321869993964,0.00757049258306251
0.458531094925883,0.22871850764138085,0.007469673757126286
0.53207243576587,0.22618958742293724,0.007061017488088153
0.5332874191891602,0.21954960575344695,0.006367878335174028
0.647529684308954,0.2168007571853782,0.004878103005494267
0.6122554849581278,0.20598319066430487,0.002998737969745046
0.8062983851569179,0.20350384033733204,-0.001013989756796371
0.6930072113677593,0.1849815895944914,-0.005413630899140286
1.045926654149171,0.1839762921839594,-0.015556896629329964
0.7696977057417151,0.15106802049852863,-0.025250207944695745
1.4408151237292603,0.15487731224759033,-0.04938697088974997
0.8249725450855033,0.09665375545173195,-0.06643346534176404
2.1251632402740483,0.11740203588503807,-0.11264205460829424
0.7598142719833146,0.02403277967242958,-0.11425315422947362
3.258875421234697,0.10851170058437343,-0.14806893934274779
0.0,0.0,0.0
0.0,0.0,0.0
-0.4405937497255399,0.2533167998149754,0.07005034975751986
-0.2549717523410257,0.30899955054810885,0.07037011133022893
-0.17526957303981872,0.3508881619148149,0.053127173222252244
-0.13628426219084913,0.37975007185731285,0.03621240920832127
-0.10869719413538102,0.3991011915336051,0.023749870209729487
-0.08518793147139664,0.4122078645554983,0.015516855866682177
-0.06429945957832228,0.4212232851893656,0.010324838499879571
-0.04574922211835164,0.4275081897794669,0.007088560427113991
-0.029121517073390075,0.4319428655308156,0.005051830367786837
-0.014211762090943325,0.4350867500062978,0.003741826957625284
-0.00047166227762673635,0.43731933746673696,0.002878719906397363
0.012065031345210296,0.4388671009691332,0.0022951073968896993
0.024088187845758342,0.43991343607516437,0.0018932960316874932
0.0351199018657344,0.4405334056359346,0.001608000987362206
0.046285519570127734,0.44084820180407064,0.0014028319823194027
0.05632198805957509,0.44083777369443145,0.0012441587348289145
0.06736970064111401,0.4406351509086456,0.0011196785197106537
0.07661958230944597,0.4401145215830072,0.0010029236076871879
0.08837559217717321,0.4394953652034884,0.00089477438556169
0.09667837883267318,0.4384750646398981,0.0007640545433732489
0.11033161317691574,0.437483044932545,0.0006216637669929118
0.1168979689555756,0.43587282825338447,0.000423476931558138
0.13448441910335251,0.4345269054733318,0.00018639870023047283
0.13732204119575497,0.43210079666351386,-0.00015002212931290444
0.16271142487771864,0.43042901037330655,-0.0005827705731522816
0.15739050036380853,0.42672939991531694,-0.0011720030578147348
0.19823415593853685,0.424822791061235,-0.0020089379838617747
0.17522390359684956,0.41894616327643697,-0.003061651873614093
0.24698949361427894,0.4170643581811045,-0.00479747270654857
0.1861297009189323,0.4071996371645575,-0.006751080492413871
0.32048716573788033,0.4059744506024452,-0.010697168774477671
0.17924015438652702,0.3883708604600065,-0.014587691660197948
0.4411816896481066,0.38911614822315294,-0.024468895857063643
0.13054629991076586,0.35571527883169646,-0.03276305992699287
0.6528390183428892,0.36060181362910665,-0.05880922600816165
-0.004457458466944341,0.29406747357391866,-0.07456303619320367
1.0349821064602287,0.3048059639420958,-0.13907809108883706
-0.24526926689486558,0.17393570068981665,-0.14158974000661584
1.6512248387738835,0.1815483820362566,-0.26020093815870393
0.0,0.0,0.0
0.0,0.0,0.0
-1.3054419592022724,0.5127726927826907,-0.010606952369326315
-1.015720334930866,0.5662844353122064,-0.001049235522281512
-0.7553277340351148,0.6038512530882102,0.0014239656127782558
-0.5703172829660311,0.6335623618062712,-0.0004159970551432903
-0.43848287948936426,0.6544136264916558,-0.002601169850035436
-0.33947596377090283,0.6681318004267647,-0.0037585795667917452
-0.26028221452664785,0.6770048804212029,-0.003878595518471932
-0.19360884821963462,0.6828126317015097,-0.003310232191467594
-0.13519216653704416,0.6867127271539862,-0.002357759553623577
-0.08278889304285385,0.6893857681235201,-0.0012232557850518288
-0.03457125641980188,0.6912456768485453,-3.2663123001057424e-06
0.01014008496512074,0.6925163146942945,0.001235965193487836
0.052748349085064435,0.6933697970015726,0.0024917276578068806
0.09303856985246531,0.6938670719475247,0.003725307380100819
0.13279311862175613,0.6941214298092433,0.004979073007620427
0.170647932191392,0.6941021391584972,0.0061916268791138845
0.2096319056653188,0.6939424147308935,0.0074590240448351225
0.246287465034392,0.6935058649944067,0.0086525425531798
0.2864642190020839,0.6930222897606028,0.009969848451431356
0.3225035119859245,0.6921715089948782,0.011137674829946726
0.3662487044514624,0.6914111127254388,0.012561585204481905
0.4013835638718212,0.6900561636952964,0.013668564082170365
0.45230394244395794,0.6890555886992893,0.01529277731138706
0.4847071574448772,0.6869730573692059,0.016242887608809684
0.5491972376660803,0.6857976409339284,0.018234704111629058
0.5739103249146356,0.6825213143832801,0.018802794359122774
0.6643026580486657,0.681331550800126,0.0214728122888656
0.6697006350230399,0.6758970785982209,0.02115570932905928
0.8111109480788617,0.6750788584875984,0.025083020373804884
0.7712259237104258,0.6654209062076136,0.02276110784862136
1.0170066620544205,0.6658292209384866,0.028978890058008907
0.8743948069137706,0.6472516510521253,0.022120764987304187
1.3431038042546686,0.6506259918234987,0.03229666554411337
0.9691343937878458,0.6116532278475185,0.015242371640908234
1.940989290289035,0.6216040460078938,0.0319060318047029
1.0308716059286906,0.5324370793665028,-0.005928023907042889
3.228285157595994,0.5611120570813863,0.023739529313055424
0.9315430418964404,0.3427050899225006,-0.039185224338861624
6.469770065166414,0.46204509507818825,0.02978505432930852
0.0,0.0,0.0
0.0,0.0,0.0
0.0,1.0,0.0
0.0,1.0,0.0
0.0,1.0,0.0
0.0,1.0,0.0
0.0,1.0,0.0
0.0,1.0,0.0
0.0,1.0,0.0
0.0,1.0,0.0
0.0,1.0,0.0
0.0,1.0,0.0
0.0,1.0,0.0
0.0,1.0,0.0
0.0,1.0,0.0
0.0,1.0,0.0
0.0,1.0,0.0
0.0,1.0,0.0
0.0,1.0,0.0
0.0,1.0,0.0
0.0,1.0,0.0
0.0,1.0,0.0
0.0,1.0,0.0
0.0,1.0,0.0
0.0,1.0,0.0
0.0,1.0,0.0
0.0,1.0,0.0
0.0,1.0,0.0
0.0,1.0,0.0
0.0,1.0,0.0
0.0,1.0,0.0
0.0,1.0,0.0
0.0,1.0,0.0
0.0,1.0,0.0
0.0,1.0,0.0
0.0,1.0,0.0
0.0,1.0,0.0
0.0,1.0,0.0
0.0,1.0,0.0
0.0,1.0,0.0
0.0,1.0,0.0
0.0,0.0,0.0
