0.0,0.0,0.0
0.0,0.0,0.0
0.0,0.0,0.0
0.0,0.0,0.0
0.0,0.0,0.0
0.0,0.0,0.0
0.0,0.0,0.0
0.0,0.0,0.0
0.0,0.0,0.0
0.0,0.0,0.0
0.0,0.0,0.0
0.0,0.0,0.0
0.0,0.0,0.0
0.0,0.0,0.0
0.0,0.0,0.0
0.0,0.0,0.0
0.0,0.0,0.0
0.0,0.0,0.0
0.0,0.0,0.0
0.0,0.0,0.0
0.0,0.0,0.0
0.0,0.0,0.0
0.0,0.0,0.0
0.0,0.0,0.0
0.0,0.0,0.0
0.0,0.0,0.0
0.0,0.0,0.0
0.0,0.0,0.0
0.0,0.0,0.0
0.0,0.0,0.0
0.0,0.0,0.0
0.0,0.0,0.0
0.0,0.0,0.0
0.0,0.0,0.0
0.0,0.0,0.0
0.0,0.0,0.0
0.0,0.0,0.0
0.0,0.0,0.0
0.0,0.0,0.0
0.0,0.0,0.0
0.0,0.0,0.0
0.0,0.0,0.0
-0.00028512822222411264,3.6229471495130694e-05,3.8110293725630514e-05
-0.0004477256767108815,3.488302787438152e-05,6.527953773974017e-05
-0.0005842198295269557,3.0668759903751223e-05,8.821814954229206e-05
-0.000687255900845969,2.4779486390204688e-05,0.00010719023355373991
-0.0007469883190673381,1.7321339658150648e-05,0.0001212211158799843
-0.000753605885686148,8.349865323986293e-06,0.0001291786519560672
-0.0006976958866804521,-2.061930206486072e-06,0.00012994633921750785
-0.0005705400469809891,-1.3816347791219324e-05,0.00012246178900202371
-0.0003644192812384296,-2.6787953117084344e-05,0.00010574207692106577
-7.294780715369398e-05,-4.0819610713640456e-05,7.891254967727641e-05
0.00030857986875906595,-5.571797545216876e-05,4.124007047735501e-05
0.0007828389591572241,-7.12499267155154e-05,-7.829654130543882e-06
0.0013501761957760638,-8.713982877053207e-05,-6.863399884579127e-05
0.0020083414914805237,-0.00010307022909958804,-0.00014125441680237874
0.0027523710662902224,-0.0001186829365873671,-0.00022548458887903876
0.003574455696761108,-0.00013358778943662933,-0.00032079881835260645
0.004464162854367467,-0.00014736548389595366,-0.0004263426077862005
0.005408325219349301,-0.00015959038886238281,-0.0005409108792455175
0.00639189916736918,-0.00016982250734019885,-0.00066298603797409
0.007397281667623013,-0.00017766375763257915,-0.0007907017420487419
0.008406804822062741,-0.00018269476513542245,-0.0009219887197345215
0.009399468297952298,-0.0001846359488683384,-0.0010544146023172898
0.010358581107274875,-0.00018308418450995042,-0.0011856312523699118
0.011259203920912937,-0.00017803327746902282,-0.0013127098049905684
0.012092833792532794,-0.00016893740503426722,-0.001433555894609105
0.012823830627804794,-0.0001564395762829753,-0.0015444881563339
0.013469831764588547,-0.00013923361035639032,-0.0016448409891510673
0.013958249239809739,-0.00011971739930175211,-0.0017287599379399363
0.014383280334985857,-9.386832969489987e-05,-0.0018001088381506733
0.014551005870934624,-6.920828850633982e-05,-0.0018458956047143163
0.014778180504228544,-3.317642237677942e-05,-0.0018834961382958393
0.014499727614313432,-8.370333173531859e-06,-0.0018775588772510145
0.01467369852759332,4.3132018566842155e-05,-0.0018851985370380681
0.013658728309462074,5.538304517850616e-05,-0.0018045088324866753
0.01422034868144539,0.00013890965042695155,-0.0018068172927964117
0.01171214464904083,0.00010633738768596336,-0.0015998428287758598
0.013861801453881231,0.00027047341114790817,-0.0016727387366768222
0.00784330940579905,0.00010883635191993377,-0.0012007622999421015
0.014777415947256803,0.0004869021197385154,-0.00148481523124085
0.0,0.0,0.0
0.0,0.0,0.0
-0.0004574333352337884,6.406186360791579e-05,4.187125737683611e-05
-0.0006967237478012585,6.172860801711717e-05,7.15807994396558e-05
-0.0008937861840068159,5.419228731768566e-05,9.637482026915872e-05
-0.0010352752825511873,4.352524434424592e-05,0.0001167333933857565
-0.0011040028744003544,2.995615698961487e-05,0.0001316281283928014
-0.001083371669648673,1.3611652970911755e-05,0.00013982467878778502
-0.0009577293162549446,-5.365597668419476e-06,0.00014011092010012205
-0.0007127860719314898,-2.679262571985389e-05,0.00013134434725141524
-0.00033612420139178886,-5.0434547473662655e-05,0.0001124791215032181
0.0001822243675006596,-7.599499889961812e-05,8.259606803447963e-05
0.0008491872100254551,-0.00010310729665527077,4.093693192949359e-05
0.0016680686612096424,-0.00013132845962842768,-1.3057322452885421e-05
0.002638084969431939,-0.0001601352937045394,-7.970827665998605e-05
0.003753959867867712,-0.0001889277547904865,-0.00015906064236060745
0.005005825115018087,-0.0002170327174120766,-0.00025085186816763215
0.006379062791094999,-0.00024372338337638028,-0.00035447994956427854
0.007854850140741339,-0.00026822526750995643,-0.0004689984937341828
0.009409964835815866,-0.00028976311387497657,-0.0005930911468437316
0.01101854531776486,-0.0003075423239443783,-0.0007251216994950496
0.012650622338333478,-0.000320863142208803,-0.0008630813108264406
0.014277105324179529,-0.00032898699865154603,-0.0010047697154511102
0.015862981703165642,-0.0003314637919320524,-0.0011475768681527792
0.0173825981545972,-0.000327589668800489,-0.0012890395794770838
0.018794169763948144,-0.00031746172349995835,-0.0014259880912683334
0.020089028517860676,-0.00030007795901942273,-0.0015562980334394468
0.02120454376927588,-0.00027681592757249356,-0.0016758877495253357
0.0221834937312283,-0.00024513556948845217,-0.0017843328864241151
0.022890596815149055,-0.0002098587522971443,-0.0018749375642770295
0.023517423564623934,-0.00016304792715246107,-0.0019525752101946718
0.023692758027588273,-0.00011953120033024628,-0.002002196129530313
0.024037116686504507,-5.4635944567643795e-05,-0.002044229093822296
0.02346555287639337,-1.2439244614921664e-05,-0.0020380583334745203
0.023823241094185075,8.082155681819393e-05,-0.0020490182903529245
0.02197850569617122,9.769661237926413e-05,-0.001962032346880115
0.023191851720229015,0.00025057286518650394,-0.0019688639903193026
0.018693336590450978,0.0001815479861796937,-0.001746317238760815
0.022982713538554432,0.0004812332672946391,-0.0018289051230105594
0.012272903033041332,0.0001731366634315972,-0.0013256589367853016
0.025273048370635872,0.0008376859897955065,-0.0016024689648925375
0.0,0.0,0.0
0.0,0.0,0.0
-0.0006276807280359459,9.202639389535491e-05,4.624097999461725e-05
-0.0009373809571999474,8.852323845760084e-05,7.867508992174166e-05
-0.001186555483105253,7.743374054797523e-05,0.00010531415222296899
-0.0013567453706184373,6.173625600551436e-05,0.0001268703987528139
-0.0014235501726919911,4.176144689163711e-05,0.00014226967041188848
-0.0013635972757810436,1.7706151583007596e-05,0.00015017045072225426
-0.0011551081323457383,-1.0208010642597671e-05,0.00014925850756278289
-0.0007784858254412145,-4.169972551936926e-05,0.00013831092807650307
-0.00021702293621663255,-7.640931626383696e-05,0.00011622782069617249
0.0005423012483363497,-0.00011388390933099677,8.20642468221548e-05
0.0015080247682455138,-0.0001535645860176234,3.5064970718088155e-05
0.0026834306207676626,-0.00019477886737232622,-2.5297410117386048e-05
0.004065974395958504,-0.0002367364866710978,-9.928627320246938e-05
0.0056467885911297465,-0.0002785371342108057,-0.00018686329754831937
0.00741067342072457,-0.00031917755984311026,-0.0002876632521856467
0.00933592175455916,-0.00035758435049980587,-0.0004009630374345927
0.011395285225287504,-0.00039262168833532695,-0.0005256867310514156
0.013555595206097696,-0.0004231676782356747,-0.0006603745206894334
0.01578063582258572,-0.0004480774210048118,-0.000803254551277755
0.018028489403019377,-0.00046636967215649535,-0.0009521608269083436
0.02025964004514343,-0.0004769965763211536,-0.001104774132949371
0.022425415026424273,-0.00047938172950014207,-0.0012583022792901992
0.024492871224150416,-0.00047251932907506973,-0.001410217840751682
0.026402811688894377,-0.00045669732010135183,-0.001557088436603173
0.028149462929381565,-0.00043040228077921783,-0.0016968763666983342
0.029639828775795934,-0.0003959350716659474,-0.0018249958003137645
0.03094861193114399,-0.0003493088058740745,-0.0019415291859526626
0.03186746300885617,-0.0002982094353845541,-0.0020386100902973527
0.03270215721343902,-0.00023016686369344727,-0.0021227462145871454
0.032877520771965346,-0.00016835189294976566,-0.002175962743212
0.03335907758207997,-7.442911904128986e-05,-0.0022231650760795936
0.032479363958041185,-1.6292266006967602e-05,-0.0022164481603222045
0.033064017148742415,0.00011907671103775063,-0.002232344536753276
0.030357423856558024,0.00013801552766847726,-0.0021384564248150386
0.0323005409359914,0.0003610198135386807,-0.0021523884955375375
0.025759095595500638,0.00025247031462003237,-0.0019127088822615062
0.03228747691843061,0.0006882299121035076,-0.002007491612433347
0.016844808997395565,0.00023484835980250773,-0.0014667765604187994
0.035903357574504934,0.001186982394369235,-0.0017439430415121448
0.0,0.0,0.0
0.0,0.0,0.0
-0.0007966708322446288,0.00012208304066530081,5.212963264057803e-05
-0.0011665511770944774,0.00011720786267567939,8.805042802921662e-05
-0.0014557203837745726,0.00010204995549755626,0.00011699471116603476
-0.0016406698060238945,8.063966912302684e-05,0.00013997367371375004
-0.0016897050565184545,5.3434874555449466e-05,0.0001558448312570572
-0.001572697188568211,2.072086536497445e-05,0.0001631264512585056
-0.001261934239962472,-1.7178353616710838e-05,0.00016037434128483055
-0.0007329141092064854,-5.985491677844417e-05,0.00014626657205518042
3.475410011535311e-05,-0.0001067929628890848,0.00011964130336258238
0.0010563647618910923,-0.0001573499686682026,7.953115197776252e-05
0.002341172756558052,-0.0002107410699145483,2.5198035463710458e-05
0.0038914965443827376,-0.0002660316053691378,-4.382957845960738e-05
0.005702129879570402,-0.00032213359916749963,-0.00012772428610750033
0.007759819819465272,-0.00037781994934994896,-0.00022632504776943455
0.010043460588965412,-0.0004317346600514025,-0.0003391203624533864
0.012523902814284645,-0.0004824421814209215,-0.00046521883026090537
0.015165497402153378,-0.0005284329041690001,-0.0006033698264861598
0.017925351000589628,-0.0005682364854312027,-0.0007519226991857484
0.020757660203844622,-0.0006003518543980673,-0.0009089326868896885
0.023609197171788214,-0.0006235301728716714,-0.001072031183009944
0.026431568952374827,-0.000636403240008405,-0.0012387600101443398
0.029162881108732695,-0.0006383075786794798,-0.0014060919357722942
0.03176545695857745,-0.0006278921073669615,-0.00157144857676615
0.03416156790905143,-0.0006057352955541233,-0.0017310428472238652
0.03635304737999768,-0.0005696716964585856,-0.0018830134105145462
0.038210879782612686,-0.0005231892518662576,-0.002022057364506615
0.03985225589558065,-0.00046045575878253807,-0.002149050786569724
0.040978985331423426,-0.00039271091846061236,-0.0022544252298309984
0.042037372281734174,-0.0003018963312057326,-0.002347117633051891
0.04220581395085743,-0.0002212401183169148,-0.0024049030455583803
0.04285957346096066,-9.612098223264008e-05,-0.0024591975359393894
0.041649019581182535,-2.2273483980890204e-05,-0.0024515819953467915
0.04252873653740305,0.00015860349900966304,-0.0024746922788045616
0.03890121089490741,0.00017783995789808104,-0.002371221954396315
0.04169948860717431,0.00047672599553167554,-0.002395998959493143
0.03298858345164397,0.00032433889266905404,-0.0021318871516163808
0.04196874589827088,0.0009062622553060115,-0.002246748528984123
0.021550033276737962,0.00029905177405002584,-0.0016502788347986278
0.047014338624275606,0.0015574925333260228,-0.00194347113615578
0.0,0.0,0.0
0.0,0.0,0.0
-0.0009629470574959469,0.00015497774259579504,5.95747443037183e-05
-0.0013778934967669683,0.00014846337644199326,9.977761706909874e-05
-0.0016899031921836264,0.0001285474330630234,0.00013146405801186904
-0.0018704004797696805,0.00010048953270414132,0.00015605584991749085
-0.0018802245866637078,6.491998188004966e-05,0.00017233372359386413
-0.0016825528054393785,2.2247712145250467e-05,0.00017864601398097547
-0.0012440693846116223,-2.7063378592341604e-05,0.00017339400048516104
-0.0005359743595682239,-8.243757282748592e-05,0.00015514282312576873
0.0004649436298443959,-0.00014315883212143635,0.00012266625777414262
0.0017751826047872048,-0.00020835014253940202,7.498328348810931e-05
0.0034035202595619585,-0.0002769566498403357,1.139186130432062e-05
0.0053500793861922386,-0.0003477404740479079,-6.849594610509004e-05
0.007605847714872813,-0.00041927900787156315,-0.00016472787265326864
0.010152207184518409,-0.000489988194499554,-0.000276981066094741
0.01296148361247559,-0.0005581348507301142,-0.0004045575550805796
0.015996719619099868,-0.0006219068896431632,-0.0005463557653115551
0.019214020925193462,-0.0006794096523378732,-0.0007009136577016317
0.022561156046608938,-0.0007288274131309151,-0.0008663511834484479
0.025983879258500087,-0.0007682974592709106,-0.0010405260255446273
0.029418545794387078,-0.0007963250461388946,-0.0012208307812800595
0.03281008885871656,-0.0008112033510837645,-0.0014046641371175733
0.036083933141983326,-0.0008122351176521229,-0.0015887155762327096
0.039201293686899244,-0.0007976537763498909,-0.001770389026324228
0.04206422996934429,-0.0007684630699777088,-0.0019454427905996358
0.04468889131346365,-0.0007216323789061678,-0.0021123108559468573
0.046902250983696096,-0.0006621982361174369,-0.0022647265433464398
0.04887887103945185,-0.0005819067154880861,-0.0024046965511145425
0.05020737325957223,-0.0004965026085084832,-0.0025203380555145973
0.051511018129215505,-0.00038085834011255794,-0.0026239061483388578
0.051663286903364795,-0.0002806217853748221,-0.0026874485802235526
0.052537636302229074,-0.0001212637395581634,-0.0027510980999561727
0.05096611608080715,-3.18967931270424e-05,-0.002742458317220491
0.05223455608964933,0.00019937659216158834,-0.0027754478271323933
0.047605028890267284,0.0002166445829098488,-0.002659982553036108
0.05143317448196473,0.0005998105276729731,-0.0026997717346975585
0.04037098097053795,0.0003972670090578741,-0.002404605713932968
0.052117496084880255,0.001140120776376125,-0.0025473429993904746
0.026359436290101818,0.0003650150920685483,-0.001879238351761924
0.05877895895983366,0.0019548015807099644,-0.0021967660661927264
0.0,0.0,0.0
0.0,0.0,0.0
-0.0011242362656230234,0.00019121844465494985,6.865667817085258e-05
-0.0015641997756307559,0.00018271898307829578,0.00011399549121117767
-0.0018767600478969142,0.00015719170856796187,0.00014886998373542183
-0.0020284250855525303,0.00012133301480838298,0.00017524869545254576
-0.001972441349461084,7.600216829940415e-05,0.00019184272021247718
-0.001665437104954928,2.1779368937368804e-05,0.0001968091714911461
-0.001068949112230297,-4.06815243081143e-05,0.00018837791245237672
-0.00015065026987162527,-0.00011058334595696473,0.00016499615465586615
0.001114440110088664,-0.00018695412367306598,0.00012538064447811895
0.002742752522139375,-0.0002686268544427071,6.855521100852598e-05
0.004741198684797833,-0.00035422355660714164,-6.118911597994849e-06
0.0071062985945183794,-0.00044215527901310967,-9.891221362979448e-05
0.009823959744537583,-0.0005306232946971984,-0.00020971063224591236
0.012869134310601223,-0.0006176548516011249,-0.00033799090509365186
0.01620691763515916,-0.0007011152975853075,-0.00048283317748059316
0.01979221994521613,-0.0007788050837380868,-0.0006428915438108141
0.02357322419426305,-0.0008484361909603693,-0.0008164681717256247
0.027488888187571208,-0.0009078580487124096,-0.0010014280004557495
0.0314780234017265,-0.0009548422659744996,-0.0011954249611582119
0.03546759850806564,-0.000987681006650128,-0.001395590669336881
0.03939867907564408,-0.0010043029384010672,-0.001599199807634887
0.04318444022568935,-0.0010040497380481679,-0.0018026187366025743
0.04678968171316479,-0.0009846390835353334,-0.0020032960568624404
0.05009370655204473,-0.0009476792787582589,-0.0021964283052579013
0.05313586420289045,-0.0008889798690264849,-0.0023809042869565047
0.055688381036393786,-0.0008156010206903214,-0.0025492076934367823
0.05800286446359207,-0.0007160946486065099,-0.00270487625269507
0.05952426785159619,-0.0006119477522060396,-0.0028330066238830883
0.06110004198318329,-0.0004690337161612621,-0.0029501648772303993
0.061223653630384026,-0.0003484557274658326,-0.003021031285598897
0.062379388259836674,-0.00015115206014871494,-0.003096813169031261
0.06040869289055433,-4.663817953340507e-05,-0.0030874801262578628
0.06218311723754183,0.00024105627500555882,-0.003133525977137826
0.0564503943803918,0.0002534011598780707,-0.0030042301236109705
0.06152713630022346,0.0007311972476888927,-0.003063447740095182
0.047888144214423424,0.0004704389804379048,-0.002731627528997015
0.06279664915738893,0.0013921735821382792,-0.0029091113426740634
0.031254860139828415,0.00043174144246040786,-0.00215548114164017
0.0713115913828467,0.002382210569570755,-0.0025005202212035065
0.0,0.0,0.0
0.0,0.0,0.0
-0.0012799453513984659,0.00023136123002880603,7.94470481958892e-05
-0.0017216470867877482,0.00022044111953004186,0.0001308056254776091
-0.002008918031555343,0.00018826301357557367,0.00016930186783923752
-0.0021036580289639246,0.00014321027725289732,0.00019761291721326316
-0.0019514703223048214,8.644375522514921e-05,0.00021440445226385832
-0.0015026936977003082,1.877821406490758e-05,0.00021763125150438611
-0.0007143348633790584,-5.8876868785841686e-05,0.0002053430126553731
0.0004484932444441087,-0.00014543487702322968,0.00017587208529347317
0.0020112800441657044,-0.0002395998317024527,0.00012789365269176946
0.003988916286919459,-0.0003398498147484677,6.046259136430132e-05
0.006384894570399349,-0.00044442424548241463,-2.6962975079883492e-05
0.009190608215585368,-0.0005513324143498825,-0.0001344977689309149
0.012385567590900233,-0.00065835796702282,-0.0002618275740452103
0.015937243234126923,-0.0007631110620989497,-0.00040819164634152237
0.01980294542191593,-0.0008630358810735629,-0.000572418654453562
0.023929251514431267,-0.0009555423663362066,-0.0007528924845610614
0.028256988649287416,-0.0010379467108530367,-0.0009476684209661495
0.032716983828914345,-0.0011077849545803027,-0.0011543437255912903
0.03724298485191206,-0.0011624610671810724,-0.001370381917105883
0.04175365339926427,-0.0012001010449332852,-0.0015926444048998151
0.046189603580726706,-0.0012182328246594753,-0.0018183258841112742
0.05045188921176896,-0.0012163330223654326,-0.0020434352260424635
0.05451472918444881,-0.0011914653057642582,-0.002265560165772254
0.05823095276561389,-0.0011460734699448001,-0.0024792152914986133
0.061674439131176845,-0.001074414283410035,-0.0026839507108355584
0.06454873886157694,-0.0009861727233325776,-0.0028706661961711223
0.06720752572980557,-0.0008657086080688667,-0.003044906318180913
0.06891381815886687,-0.0007417936557886697,-0.0031879344712466
0.07079796794218603,-0.0005688861957014131,-0.0033217407555853375
0.07088102010389263,-0.00042727149365459865,-0.0034018233224759006
0.07239491540099757,-0.00018771583733446102,-0.003492983806820743
0.06998262430741067,-6.86104705065975e-05,-0.003483717572140809
0.07240499326956645,0.00028260359684678877,-0.0035464703356545197
0.06545221907309055,0.00028655420132837515,-0.0034021043801140526
0.07203485448526992,0.0008711087641825446,-0.0034853943518190884
0.055557769218896755,0.0005428902644887563,-0.0031123376548728644
0.07408554509260633,0.0016642105917970612,-0.0033307217542364936
0.036249511087833565,0.0004987535615195638,-0.0024792560082796816
0.08472184414213263,0.0028432490665289537,-0.002851615688330828
0.0,0.0,0.0
0.0,0.0,0.0
-0.0014278916745648095,0.0002758305270528546,9.219268803809831e-05
-0.001843758044198321,0.0002619696650461915,0.00015061491596933714
-0.0020756688999595367,0.00022193433723122406,0.00019325955108631117
-0.0020815343248751514,0.0001660835625724414,0.0002237008817481503
-0.0017994522200144327,9.596707051765284e-05,0.000240599301165753
-0.0011738837333600594,1.2710727371795087e-05,0.00024170722025419636
-0.00015804181075051353,-8.244144364649188e-05,0.00022489691080933947
0.0012844673463871695,-0.00018803263146578144,0.00018840207200354793
0.0031783322937873138,-0.0003023634360155197,0.0001308856391432518
0.005535418389894853,-0.00042348328063804443,5.1472845498680886e-05
0.008354278242922692,-0.0005491837098427969,-5.023708876449568e-05
0.011619722200240056,-0.000677019674121904,-0.00017415765000831476
0.015303668682675237,-0.0008043169812404578,-0.00031973378186652074
0.01936519224291521,-0.0009282457649984765,-0.0004859320723385196
0.02375346583332674,-0.0010458160041506893,-0.0006713076232242884
0.02840669030973121,-0.0011540547641871021,-0.000873958393156111
0.033259159237059126,-0.0012498874016734728,-0.0010916977405999635
0.03823431917850398,-0.0013305715742975605,-0.001321857246282771
0.04326304713712429,-0.0013931430425310719,-0.0015617459288309544
0.04825661767474939,-0.001435625126955797,-0.0018079593700242318
0.05315912831187463,-0.0014550939840802524,-0.0020576849872344736
0.057858999174897764,-0.0014512842642108443,-0.002306544483571137
0.062346823515985604,-0.0014204194764132214,-0.002552397149050754
0.06644359741779517,-0.0013660700712943177,-0.0027889398211870817
0.07027170764154224,-0.0012804311811295608,-0.00301664670208687
0.07344833207737882,-0.0011765567049702047,-0.0032244459794404357
0.07646015054069895,-0.0010333634465552442,-0.0034204523086944884
0.0783415757039088,-0.0008887817524657474,-0.0035811680223293424
0.08057684820290832,-0.000682923374572216,-0.0037352480528558838
0.08060453997918897,-0.0005196970983192746,-0.0038270085013157695
0.08256544768945102,-0.00023304793884342597,-0.0039375149018907075
0.07966198780383336,-0.00010012346757578883,-0.003929761008839908
0.08289404445892949,0.0003226362610375848,-0.004013559176397393
0.07458899617479726,0.0003142308817144514,-0.003853659435785876
0.08296655777905089,0.0010191161480703017,-0.003965999902444929
0.06336227898518002,0.0006132220575939932,-0.0035480767011150777
0.08601660979156796,0.001956946933672284,-0.0038128540202890353
0.04133109544031934,0.0005651415663111461,-0.002852200300178086
0.09907040629784777,0.003339768878052551,-0.003248695054624334
0.0,0.0,0.0
0.0,0.0,0.0
-0.0015707723860657165,0.00032535076438596427,0.00010707712294750235
-0.0019329687934977115,0.0003079192382093988,0.00017370256181258872
-0.0020788498181328967,0.0002585955106094548,0.00022106025313015472
-0.001963125511531424,0.00019006265183444412,0.0002538498056735686
-0.0015166414083472282,0.00010437341905827023,0.00027078930465841564
-0.000678549795772548,3.0651187488382928e-06,0.0002694409266049429
0.0006008062462441894,-0.00011218317947538869,0.0002475102408460943
0.0023580790773633465,-0.00023944603576283853,0.00020315496941585484
0.004615680513279036,-0.00037652876918505397,0.00013506055592695461
0.007380852709760388,-0.0005209722171510108,4.246639134229062e-05
0.01064566400286647,-0.0006700544040253445,-7.484015514674198e-05
0.014386944049915343,-0.0008208287733699859,-0.0002165246675990328
0.018567989985785613,-0.0009701320727438469,-0.0003817522803978464
0.023138772549072886,-0.0011146846191746368,-0.0005691853719234732
0.028040277684127556,-0.001251061964584408,-0.0007770911364387361
0.033202520551568956,-0.001375932305111658,-0.0010032741356922129
0.03855443473335935,-0.0014858454554976864,-0.0012453243491283316
0.04401292239651659,-0.0015778331060294635,-0.0015003194777267331
0.049508561402416135,-0.0016485632350641305,-0.001765468466537607
0.05494591322304675,-0.0016960402064593926,-0.0020371116202375574
0.06027708655172291,-0.0017168181239564351,-0.0023125261113009932
0.06537651318815516,-0.0017110453704519888,-0.0025869118008657694
0.07025940220628835,-0.0016738609330895458,-0.0028585669324349664
0.07470756779164305,-0.0016103231614579638,-0.003120208172404569
0.0789088907287618,-0.0015099208117505094,-0.0033735537866628057
0.0823722085340676,-0.0013899781722550924,-0.003605110184015967
0.0857546771602052,-0.0012224311767267423,-0.003826219294153827
0.08780640026715421,-0.0010565884546867685,-0.004007578013410641
0.09044932703338214,-0.0008147276350033628,-0.004185883203517525
0.09041136859701693,-0.0006295355540510686,-0.004292099150224489
0.09292717683908401,-0.00029047058684970775,-0.004426374575186843
0.08948328051691072,-0.00014465283144507725,-0.004422033016415271
0.09371040171080883,0.00035865552209899136,-0.0045316885302018155
0.08391168343849549,0.0003337566801249416,-0.004356442985003082
0.09440122085746451,0.001174099411777584,-0.004503103670215688
0.07135643702636427,0.0006799541672403223,-0.004037690644576311
0.09867949352470884,0.0022711269359891656,-0.004353953298619609
0.04654199923746386,0.0006306707305706266,-0.0032739817316817703
0.11445449583783043,0.0038748206150103714,-0.0036888809107768943
0.0,0.0,0.0
0.0,0.0,0.0
-0.0017066597473696737,0.00038036323779442493,0.00012469706722405133
-0.0019834151485040676,0.00035864154255525656,0.00020108447948706282
-0.0020091756338406807,0.0002984363794900193,0.00025401986004125856
-0.0017367537577115972,0.00021514348138432208,0.000289592341737624
-0.0010903074185665328,0.0001114491784337377,0.00030665926613077235
-4.425154067956491e-06,-1.0584082176936326e-05,0.0003026182054195596
0.0015724593657746775,-0.00014872918230996195,0.0002750343374196097
0.0036760979971054196,-0.0003004821735247136,0.0002220308077990028
0.0063253483277897265,-0.0004630516042691709,0.0001423699563127635
0.009521503415319422,-0.0006333835318847819,3.5467145059662955e-05
0.0132489376569107,-0.000808174296796713,-9.864146813001917e-05
0.01747544979096195,-0.0009839313345699674,-0.00025931850898978465
0.022155064478157273,-0.0011569772465157,-0.0004454087708925995
0.027228258943756835,-0.0013235842260945513,-0.0006552420151078727
0.032628130305400425,-0.0014799044350762237,-0.0008867930064666688
0.03827687484398065,-0.00162228772001411,-0.0011375762176266664
0.044099511538402164,-0.001746932577570406,-0.0014049942865757864
0.05000711732294087,-0.0018507156169021487,-0.0016858949148444464
0.05593276949506615,-0.0019299352170075877,-0.0019774639570387955
0.06177440816401117,-0.001982682878226426,-0.0022758040188891955
0.06749712111663995,-0.0020048943890535386,-0.0025784082502762797
0.07295868609889368,-0.0019973253053561153,-0.0028800148608492315
0.07820839187333825,-0.0019537162343791744,-0.0031795704985428234
0.08297892145545635,-0.001881057092124052,-0.003468622195628502
0.08754379218361943,-0.0017653337410508153,-0.0037505188756667422
0.0912765980487319,-0.0016292219872668643,-0.004008833021281929
0.09504948324135193,-0.0014358321282607073,-0.0042588928250025075
0.09726306333375234,-0.0012484443364177038,-0.004464431594652481
0.10037437746137584,-0.0009674460788318092,-0.004671693894243895
0.10025467994760145,-0.0007601844776263013,-0.004795958440903122
0.10344129814174427,-0.0003629853202234635,-0.004959380398736992
0.099398764857679,-0.00020543500609650344,-0.004961314717570266
0.10481960005932492,0.0003881524764224639,-0.005102537886626287
0.09337286672318203,0.00034230364181981205,-0.0049131335811587375
0.10631197580582617,0.001334267672792557,-0.00509985594550343
0.07949672762012919,0.0007408216130988621,-0.004585249612154832
0.1120612656979654,0.0026057899131272664,-0.00495749264916017
0.051850332007885816,0.0006937967445592414,-0.0037483288017856765
0.13088116984818307,0.004448000534574756,-0.00417299862112948
0.0,0.0,0.0
0.0,0.0,0.0
-0.001845866732159948,0.0004421944001250569,0.00014538115811300867
-0.0020109963162065173,0.00041531122598073003,0.00023327096564524155
-0.001887349448517354,0.0003423114567158416,0.00029275148030854977
-0.0014272070523459707,0.0002417906564723751,0.0003316263657389333
-0.000548646562516092,0.00011724561435530763,0.0003490065549699453
0.0008174130261020093,-2.8582764853617305e-05,0.0003421647501237783
0.002723261527643117,-0.00019277328545106966,0.0003085566929073863
0.00520233837714225,-0.0003721102499347003,0.0002463123463010881
0.008268459340374212,-0.0005630918635597673,0.0001543226558010222
0.011915516221533263,-0.0007619830048456757,3.2237021389356286e-05
0.016118994185532073,-0.0009648394093442741,-0.0001196037450007969
0.020836737772095458,-0.0011675954409431715,-0.00030020883381043866
0.026013125715004862,-0.0013660549801674028,-0.0005080681384273937
0.03157904761230292,-0.0015560683144445748,-0.0007411553981467026
0.037460426224823214,-0.0017333957065091116,-0.000997156328023886
0.04357225433251433,-0.0018941332197763782,-0.0012733032527725667
0.049837498579431774,-0.0020341639008454155,-0.0015668576029674388
0.056162078718817995,-0.0021503026361496635,-0.0018744620347840915
0.06248477390555315,-0.0022384723346507932,-0.0021933688959121073
0.06869641244903985,-0.0022969845831043527,-0.0025194534088744426
0.07478070769825916,-0.002321029210591231,-0.0028505694571165177
0.08057471644223795,-0.002312207843399316,-0.0031809321248142224
0.08617284336737517,-0.0022624687451274733,-0.0035103780465480876
0.09124585117365545,-0.0021812716897647534,-0.0038290514144616755
0.09617665662554467,-0.0020501323849262307,-0.004142377583946017
0.10017136556128654,-0.00189835173641689,-0.0044304108139544785
0.10436918361382169,-0.0016780310072232294,-0.004713323748965609
0.10674614158182338,-0.0014693875873574712,-0.004946623712466929
0.11040544387806966,-0.001146256839931143,-0.00518773841172011
0.11019771261060354,-0.0009172162818900492,-0.005333809368711049
0.11419410903315218,-0.0004558321205390131,-0.0055320235464466965
0.10950134262439776,-0.00028780732281880446,-0.005543435007681621
0.11633877125226362,0.00040672813838550724,-0.005722264450159308
0.10308764319650161,0.00033571070531304475,-0.005520502251594227
0.11883455591923665,0.0014970292932885516,-0.005753319022272329
0.08790184263815919,0.0007937051254183677,-0.0051888326808696116
0.12629617806464233,0.0029610161593925212,-0.005621386624853717
0.05734697105414067,0.0007546241561153465,-0.004274244637069851
0.14847214094768224,0.005062950778110633,-0.004697925137427572
0.0,0.0,0.0
0.0,0.0,0.0
-0.0019853508662366183,0.0005113852997247883,0.00017039110893989334
-0.0020073692837327684,0.0004783812245804799,0.00027243549669858733
-0.0017010001452466956,0.0003905347196759244,0.00034011489229483094
-0.0010202088888928444,0.00027016650795710554,0.0003833167859320218
0.00012193583960122741,0.00012177269987502108,0.0004015392643469759
0.00179715331118467,-5.10671252609201e-05,0.00039198823741235607
0.004057454693791725,-0.0002445856683235051,0.0003520675308363264
0.006932997056560309,-0.00045471603726992334,0.00027998949430746857
0.01043169337547932,-0.0006771261595491821,0.00017486152829349506
0.014539281801602884,-0.0009073090732277843,3.665795247258839e-05
0.019221886213637324,-0.0011406192855994422,-0.00013389554779682876
0.024427109375302642,-0.0013723948867315587,-0.00033538902739687395
0.030089895802361086,-0.0015979230209616768,-0.0005659188971889025
0.036131833718110275,-0.001812671701080778,-0.0008230818259935984
0.04247274821381141,-0.002012051673693569,-0.0011042894767242348
0.04902106565404609,-0.002191988492820026,-0.001406510749664943
0.055699730360226934,-0.00234809099347965,-0.0017269315790993704
0.062409715746696424,-0.002477226672508265,-0.0020620237970619005
0.06909879965826292,-0.0025749265199170187,-0.002409219705254053
0.07564909585807643,-0.002639883463307304,-0.002764178082093011
0.08206898988417044,-0.0026663733433172836,-0.0031252898332251515
0.08816871053108664,-0.002657134082473075,-0.0034861718718566226
0.09410020966112613,-0.0026018360855225436,-0.003847839620885508
0.09945594886258748,-0.0025130567144162506,-0.004198766360888115
0.10475560149096565,-0.002366694137502209,-0.004546973087752406
0.10899948818369003,-0.0022001675239841567,-0.004868349561710925
0.11365377305776338,-0.0019520468647988979,-0.005188875117404336
0.11618476178211568,-0.0017228562471788861,-0.00545447573407554
0.12046713660902593,-0.0013546352816516248,-0.005735503566898075
0.12015024233644786,-0.0011044614665773737,-0.005908399535212427
0.12509271553415735,-0.0005726188484540469,-0.006148430177991917
0.11968183279756728,-0.00039567264002315694,-0.00617396656742073
0.12816107266781213,0.00041092701091196995,-0.0063977382920656556
0.11293463171071516,0.00031022376082212306,-0.006186781209320806
0.13185819132867008,0.001659184545927661,-0.006472449195500541
0.09645316219260115,0.0008351092720752094,-0.0058582166394541835
0.14128708612362212,0.003333782284828917,-0.006354800315586367
0.06294244216041768,0.0008102492370247917,-0.00485992821500632
0.16715657054287647,0.005715995738144755,-0.005268873971577494
0.0,0.0,0.0
0.0,0.0,0.0
-0.0021511721338846974,0.0005907008198673472,0.0002001229119407415
-0.0020153651196970564,0.0005503707667498835,0.0003191500907238871
-0.0015074971522994046,0.0004450697514123712,0.0003967608167205881
-0.0005850767771388172,0.0003015607575194386,0.00044539328520149906
0.0008429996295576359,0.00012561886306476937,0.0004651163563344782
0.002849945633897617,-7.81020879797824e-05,0.00045314367757072726
0.005486099848238818,-0.00030477813217092667,0.00040688120627395007
0.008776813271965824,-0.0005493161056899214,0.000324685183256777
0.012722682752056595,-0.0008064223727771582,0.00020594835312685096
0.01730008827972441,-0.001070738925678812,5.104214797546357e-05
0.022465090623577204,-0.0013368852336984322,-0.00013885945095535245
0.02815470888021238,-0.0015996176759769916,-0.00036187348486309837
0.034294863899157646,-0.0018537467361717799,-0.000615673920821139
0.04079834744883828,-0.0020944379493958,-0.0008974629068528928
0.0475803944313005,-0.0023168238090440557,-0.0012043979639830972
0.054543671769446966,-0.00251677463834204,-0.0015332000881074998
0.06161361679551309,-0.0026896764282822853,-0.0018810490588923145
0.06868627049192308,-0.002832590389779192,-0.0022442688067394246
0.0757222542853358,-0.0029406264498804337,-0.0026205901377929883
0.08259251483921135,-0.003013054637794574,-0.0030054432416766843
0.08933713293430282,-0.0030430232081226517,-0.0033979444008364534
0.09573158484779175,-0.0030347577328517913,-0.0037909981840863
0.10199989176506538,-0.0029750638682278768,-0.004187115105755965
0.10763633586214341,-0.0028804050856573275,-0.004572769604979837
0.11332895588387906,-0.00271971684847739,-0.004959151631411549
0.11782780603970013,-0.0025402526915470768,-0.005317262767802702
0.12299406506639195,-0.0022641596826069818,-0.005679941633409445
0.1256888756343326,-0.002016011979193235,-0.005982099257063968
0.1306973826918045,-0.0016001855978091096,-0.006308862151721789
0.13027014072008727,-0.0013301312210885403,-0.006513365833118555
0.13632670540479921,-0.0007214104258888854,-0.006802061096922158
0.13014760999918779,-0.0005371120211443738,-0.006846341093807575
0.14052393565112212,0.0003936853534288905,-0.007122385694939549
0.12315877875929658,0.00025956869395042946,-0.006905793190410447
0.1456466606699486,0.0018164714530545774,-0.007251352330745001
0.10539924531979795,0.0008622492312037876,-0.006588504206726435
0.15728585002422904,0.003724401776403923,-0.007153151827915897
0.06882655545059431,0.0008617635497592488,-0.005501989421742047
0.1871513789637837,0.006414063969355479,-0.005881143121426013
0.0,0.0,0.0
0.0,0.0,0.0
-0.002333197344378184,0.0006806400991491304,0.00023707891726238077
-0.002012466092511568,0.0006317102470481521,0.00037773727806211576
-0.0012748614737130902,0.0005062893358644858,0.00046838396715120337
-8.4826327568328e-05,0.0003363147467563461,0.0005245249747668001
0.0016513388050584815,0.00012911207764554873,0.0005470011372860341
0.004007194016435978,-0.00010937002505981793,0.0005331415397278143
0.007030683653329324,-0.00037305321399860994,0.00048046732943015773
0.010741981149412251,-0.000655648838766541,0.00038761777768923466
0.015134370199562878,-0.0009507678433632052,0.000254421150167648
0.02017507817945545,-0.0012521153668759648,8.179076273361066e-05
0.0258106856399937,-0.00155353342726194,-0.00012853396859984953
0.031968246639616005,-0.0018492079347502157,-0.0003741088920599344
0.038565806460616185,-0.002133511121603403,-0.0006521439626804826
0.04550815679044625,-0.0024013945476927764,-0.0009594286947744391
0.05270766710280215,-0.0026477878074177156,-0.0012929013318094822
0.060061714560322325,-0.002868638697885769,-0.0016490641045752317
0.06750068189583384,-0.0030591590109473876,-0.002025187249865409
0.07491474252098927,-0.0032167672081462235,-0.002417481879793406
0.08228114498379543,-0.0033361006506498216,-0.0028241294035410637
0.08945550113325187,-0.003417237505633536,-0.0032403214568357355
0.09651702731956728,-0.0034519284277299204,-0.003666131796063489
0.10319576604083171,-0.0034463047375829377,-0.004093626593557297
0.10980396663592766,-0.0033836082074599877,-0.004527189248978728
0.1157133769432933,-0.003285092927644847,-0.004950936314002469
0.12181590288349382,-0.0031111889200936744,-0.005379883660918976
0.12655985687999258,-0.002920955868421106,-0.005779369659758456
0.1322775299319318,-0.0026168868396007883,-0.006190245431474683
0.1351193180058911,-0.0023517710752884876,-0.006534908582886926
0.14093398244230337,-0.0018859089484034623,-0.006915184265827223
0.14036124247901086,-0.0015976442720510428,-0.007158230075229131
0.14767604828317857,-0.0009056105065028705,-0.007504732530573664
0.1406447344639974,-0.0007159949460484541,-0.00757477678727873
0.15315715042995337,0.0003511482269512628,-0.00791263166784836
0.1334658150632021,0.0001792761059695964,-0.007696037768522827
0.15990695044825293,0.001964253894364166,-0.008109875522850798
0.11444539739642197,0.0008697804126604709,-0.007400218285203338
0.17402334378709872,0.004126860599792665,-0.008036355735643791
0.07477405982947151,0.00090352214125748,-0.006217286958273583
0.2082424259747684,0.007147672979930333,-0.006548204033831039
0.0,0.0,0.0
0.0,0.0,0.0
-0.0025891179741840973,0.0007869627515709981,0.00028136384195168125
-0.0020949194043960117,0.0007276914296299492,0.00044813471591395045
-0.0011319993978457382,0.0005783699290978012,0.0005546706685680645
0.000326314792707459,0.00037724816509432905,0.0006202310172821839
0.002375603352085336,0.00013367234270391537,0.0006467148559043905
0.005088458958094119,-0.0001447317148867153,0.0006316937527215932
0.008508698100177186,-0.00045031521824186334,0.0005728933507014697
0.012649407661185469,-0.0007753624317278838,0.0004693282490051969
0.017494916384052303,-0.0011122476191081612,0.00032135770699273235
0.02300202474499055,-0.001453692052894791,0.000130532501787632
0.029107379400858554,-0.0017927829368099735,-0.0001007640798695313
0.03572803312768626,-0.002123225823867726,-0.00036946126039137867
0.04277517242744489,-0.0024390648332862862,-0.0006722762036534055
0.0501463747599906,-0.0027351937778131654,-0.0010055660385564589
0.05775329480749851,-0.0030064578675044838,-0.0013660823172986015
0.06548859330427136,-0.0032490593964680826,-0.001750121554095239
0.07329074445435112,-0.0034580932725407514,-0.002155135280822409
0.08104290895264876,-0.0036315317892016397,-0.0025772301779132946
0.08874370957933024,-0.0037634655658080104,-0.003015187719156701
0.0962283637031803,-0.0038550566348834604,-0.0034639115041080856
0.10362427790282601,-0.003896328422888307,-0.003924671808228991
0.1106034573565901,-0.003895814946342679,-0.00438851508912271
0.1175854842488301,-0.003832374383892275,-0.004862099203794169
0.12379147657931096,-0.00373309883494589,-0.005326750046003754
0.13035770055022672,-0.003548152230881995,-0.005802012588948466
0.13537261446408191,-0.0033506118950423036,-0.006246704030929116
0.14172403810744796,-0.0030197031957730634,-0.00671091704789975
0.14473563763916247,-0.0027409426087832162,-0.007102979543511488
0.15148576731571595,-0.0022235165678032025,-0.007543437294154428
0.15077549553999886,-0.0019196567632938455,-0.007830815495444256
0.15954655977182966,-0.0011379798656381912,-0.008243166742541977
0.15162021763525219,-0.000945010847034561,-0.00834509023692124
0.16655672095916957,0.0002719615216049613,-0.008753595210224863
0.14437545771611787,5.9605506967022625e-05,-0.008542457677435984
0.17518579778285312,0.0020960532758868547,-0.009033214625517783
0.12411723853410488,0.0008541995005840906,-0.008279581328006285
0.1920223435964101,0.004543332633458788,-0.008991893844119582
0.08118749210871418,0.0009390888485919251,-0.006995470446688787
0.23088150043983915,0.00793234401351868,-0.007259761484048759
0.0,0.0,0.0
0.0,0.0,0.0
-0.0028844619117638095,0.000909254181848364,0.0003378866276726592
-0.002194016206676252,0.0008379032950488629,0.0005388273400717364
-0.0009830333857583663,0.0006611090425531687,0.0006667591938466673
0.0007612106293960525,0.00042448890931295685,0.0007454272881580352
0.0031340955671069455,0.00013980764905306424,0.0007780921520122357
0.006206276808980769,-0.00018332620992654206,0.0007627749445853458
0.010017522274432296,-0.0005354381821366775,0.0006976438675870239
0.014574651899012055,-0.0009071850137224053,0.000582370181975836
0.019854467137655266,-0.0012895613390198112,0.00041812991419237186
0.02580486913148369,-0.001674234613049191,0.0002073696422436589
0.03235440277964938,-0.002053524739960358,-4.6688909799780866e-05
0.03941154216639973,-0.0024207177769600377,-0.00034021208371964585
0.04688252178264691,-0.0027696138142001042,-0.0006693695658809629
0.05465854099993741,-0.003095198785089222,-0.0010300654991669276
0.0626525935743787,-0.003392341672681382,-0.0014189240645297702
0.07075227347663696,-0.003657690224137868,-0.0018320756030759868
0.0789068617279587,-0.003886266454352658,-0.002267291559394733
0.08698975329075598,-0.004076818638801212,-0.0027206100810676136
0.09502543929389275,-0.004222781307587114,-0.003191620427011667
0.10282127608979023,-0.004326720938311552,-0.003674906603055921
0.11056235818471997,-0.00437653195642874,-0.004173246916392221
0.1178465578868515,-0.0043837315718009045,-0.004676492474521527
0.12522177497019457,-0.004321844012060996,-0.005194070464473856
0.13172514877034375,-0.004225005120365792,-0.005704072514101734
0.1387818610651016,-0.004031145464930713,-0.006231386736429556
0.14405459396123596,-0.0038298565942270395,-0.006727420302796839
0.15107892283648375,-0.003473168540856804,-0.0072528493987673226
0.15422556206505658,-0.00318428008039114,-0.007700327230675271
0.16198226431925608,-0.0026137580001513103,-0.0082112106207554
0.1610710914457905,-0.002297343000651153,-0.008552652688541017
0.17143306432483385,-0.0014199176452634854,-0.009043133543592196
0.16249773283997437,-0.001226428766017401,-0.009187400043397291
0.1800963955553646,0.00015312866379910974,-0.009679589306974276
0.155212243920036,-0.00010404864329991533,-0.009482961748094274
0.19079662747568849,0.0022057148753766597,-0.010062023612877679
0.13373044855131686,0.0008071214199566779,-0.009267885243408979
0.2106437340369125,0.0049624459288350195,-0.01006042442428343
0.0875393145063111,0.0009571933682577462,-0.007870554897829852
0.25454853689890783,0.00874638220707529,-0.008045087529692707
0.0,0.0,0.0
0.0,0.0,0.0
-0.0033417561396325546,0.0010593062206579935,0.00040545716477579307
-0.002515430389411199,0.0009731401837570887,0.0006472396138317241
-0.0011022497587226542,0.0007628885803730631,0.0008007384550817289
0.0008954460798519904,0.0004834871254265834,0.0008952279614126029
0.003572816881802845,0.00014997944836629088,0.0009357912876317504
0.0069969133673715295,-0.00022536834269486921,0.0009211230375259461
0.01120062319341432,-0.0006307482483001738,0.0008499901752209362
0.01618110999551685,-0.0010548775677473809,0.0007228691484564261
0.021904650286270956,-0.0014872452651744827,0.0005418954081908386
0.028307847048612604,-0.001918507558434233,0.00031054885320925667
0.035310136530702516,-0.002340361481044189,3.299768846296444e-05
0.042810981280533414,-0.0027459035408462923,-0.0002860703822972279
0.05071287726876157,-0.0031289155841821704,-0.0006422405469364789
0.05890122477419787,-0.0034847458964605634,-0.001030931791107852
0.06729301811070995,-0.003808465891112234,-0.0014486845230341583
0.07577069774129068,-0.004097425082719227,-0.0018914659267904243
0.08429832240131677,-0.0043466262700163835,-0.0023574853286875814
0.0927368626335967,-0.004555859377083993,-0.0028427002888669088
0.10114299095764122,-0.004717761241782213,-0.0033477022453223568
0.10928817088206237,-0.004836682250186313,-0.0038666637749271596
0.11742739136177015,-0.004897914215708594,-0.004404183108893072
0.12506667645663286,-0.004916637677233641,-0.00494866480284399
0.1329074801537465,-0.004859955510004821,-0.005512820606216349
0.1397661458373869,-0.00477041336303496,-0.006070971005947134
0.14740745587647952,-0.004571503341497745,-0.00665420368002752
0.15299572418638033,-0.0043720692643556035,-0.007205523536809878
0.16081508347012521,-0.003992618167221999,-0.007797607546563966
0.16414630201598918,-0.0036992881319935916,-0.008305754685609321
0.17307829206138853,-0.0030758590087981877,-0.008894361403516468
0.17199729548780937,-0.0027515373083212965,-0.0092964766901811
0.18419119064474504,-0.001772771211536201,-0.009874317444125267
0.17422486204112253,-0.001581480319749835,-0.010068514744275968
0.19482034512689445,-2.4509680334711234e-05,-0.01065517707906817
0.16707753925217345,-0.00032783944804090463,-0.01048057983187708
0.20789457791962665,0.002283082524703003,-0.011159295914616457
0.14440373678829707,0.0007241054232261357,-0.010329309682463506
0.23100024414649903,0.005391154837079151,-0.011209047170457771
0.09469233079837398,0.0009670463552272745,-0.008814833806076915
0.28021291020062594,0.009624546231529574,-0.008878861408726159
0.0,0.0,0.0
0.0,0.0,0.0
-0.0038593944856584426,0.001233099623431339,0.0004939058039604411
-0.002867048332261796,0.0011296227441558967,0.0007903763569502445
-0.00122476153921712,0.0008809410159326071,0.0009788254447563587
0.0010420679529629419,0.0005528581750256564,0.0010951145897620846
0.0040256050352515515,0.00016429695855300317,0.00114664421217092
0.007789037866565944,-0.00026938943869574377,0.0011332286705088548
0.01236029005104995,-0.0007337328263274194,0.0010547762509531026
0.017730033581289044,-0.001215282036456042,0.0009131764133303559
0.023857882443353056,-0.001701878020946067,0.0007121012009913938
0.0306725699605168,-0.0021831281685216236,0.00045654819087962334
0.03808772848653982,-0.002650140067824285,0.0001519692114012014
0.04599577513783925,-0.0030959524799031657,-0.00019587925061008456
0.054297788503302434,-0.0035144720718875665,-0.0005819285063318474
0.06287355401567823,-0.0039016399701672856,-0.0010010974477124813
0.07164606242813609,-0.004252873371008881,-0.0014499483265852395
0.08049067150386909,-0.004566488883655287,-0.0019243504302799675
0.0893891544316427,-0.00483749902706006,-0.002423160010401528
0.098184850456092,-0.005067033930919913,-0.002942304565367016
0.1069723354815587,-0.00524674365494227,-0.00348367585297337
0.11547581847195243,-0.0053832005041221246,-0.004040994391735721
0.12403272590655351,-0.005458532666605194,-0.00462111282677037
0.13203504668067978,-0.005492367643652925,-0.00521077767072815
0.14036501132226284,-0.005444151290726773,-0.005826652304880141
0.14757512311592302,-0.005366385404813051,-0.006438773826200912
0.15582465225422296,-0.005165701999490065,-0.007085463267891248
0.16169803668842964,-0.0049732529714531975,-0.007700324666018856
0.1703364653934487,-0.0045734101223790435,-0.008369636252267918
0.17378251787539484,-0.004281012809142357,-0.0089495960037321
0.18393247576763724,-0.0036045027459589703,-0.009630017592668343
0.18256747729940562,-0.0032772429139313886,-0.010106891568587064
0.19669504135906699,-0.002192017511271384,-0.010789521827165702
0.18552765966138482,-0.0020073194548213707,-0.011049540910966757
0.20933832436897115,-0.000260199564935027,-0.011749802413461888
0.17847493395148667,-0.000614900205681905,-0.011611643001984246
0.22494610174419272,0.0023204879443217805,-0.01240707987326382
0.1546084231521848,0.0005915948591477917,-0.01154694756544602
0.2516455237514206,0.0058074235231808545,-0.01252011424483283
0.10145845673137711,0.0009457861108041158,-0.009897450451294542
0.3066731650861398,0.010518136235976246,-0.009822129812624229
0.0,0.0,0.0
0.0,0.0,0.0
-0.004697621239730569,0.0014547635072532986,0.0005982635526177565
-0.003687956743416195,0.001329216787624751,0.0009585871183779436
-0.0019336872889336883,0.0010317273435964155,0.0011872368172649265
0.0005183814411431678,0.0006425505593990034,0.0013283261207500986
0.0037587876664899886,0.00018619931652068522,0.0013923722149448896
0.007843691519783254,-0.000317599933475982,0.0013807322138676501
0.012789735254006954,-0.0008508590883246861,0.0012947408747139809
0.018573323800085483,-0.0013975566049261087,0.0011379412999642704
0.025140362301165575,-0.001943868912379336,0.0009157514160411523
0.032405989154535506,-0.0024786341200844636,0.0006348788682773034
0.04027502123937448,-0.0029927838379326874,0.00030220414147305954
0.04863099302670461,-0.003479796697240255,-7.532344235014071e-05
0.05737459226932462,-0.003934129756522934,-0.0004919357548558885
0.06637999996772295,-0.004352762200660572,-0.0009420046644168162
0.0755795669834274,-0.004731715858902871,-0.0014221766195596677
0.08484063922211382,-0.005070634162757199,-0.0019282160587524198
0.09416810490874344,-0.005364578304495579,-0.0024597863884532312
0.10338338666477645,-0.005616373351749428,-0.0030127526120246164
0.11262796982053971,-0.005816449877243847,-0.0035905702196707017
0.12156766622794729,-0.00597411782616611,-0.004186371916155347
0.13063927132921904,-0.006067697437552273,-0.0048096843952099245
0.13909762064666506,-0.006122175624418244,-0.005445270397156562
0.14803914884403305,-0.006087953483753836,-0.006114425514420225
0.15570667579173636,-0.006029220996838116,-0.006782251331591167
0.16471710134990936,-0.0058330597954870415,-0.007495386546580218
0.17098698847976684,-0.005656232549045377,-0.008176864573485234
0.1806332818859239,-0.005241903214177971,-0.008928283101608684
0.18429992909248052,-0.004959641112103682,-0.00958481219442066
0.19590968625510485,-0.004233183599017832,-0.010364348174166725
0.1943481283571005,-0.0039109658365464,-0.010922726209132774
0.2107314837717168,-0.002715503499886036,-0.011720353669182153
0.19839332330582363,-0.002541816166105925,-0.012054870281534789
0.2258413225633056,-0.000588349378395144,-0.012882021817800586
0.19172782637750982,-0.0009941032947230757,-0.01278998381607931
0.24439318889141415,0.002300561797066271,-0.013717905736116679
0.1667257394054003,0.000403475863233164,-0.012834714118670192
0.27495249962611856,0.006228517181840828,-0.013913206183340363
0.10969297074044373,0.0009148949894895046,-0.011050454401678192
0.3360101408492181,0.011503395430356781,-0.010813700383476565
0.0,0.0,0.0
0.0,0.0,0.0
-0.005587582181642484,0.0017097502499350973,0.0007388634347928326
-0.004485148026112224,0.0015583398352958338,0.0011870672800975996
-0.0025567365838794222,0.0012049429237330983,0.0014717088788430421
0.00011537493551049251,0.0007465409179177516,0.0016467285192817132
0.0036160281558098415,0.00021415628003990838,0.0017266974646050408
0.007996185099501976,-0.00036752351838499,0.0017155848263459349
0.013267597899815239,-0.0009766072987756067,0.0016174413661415408
0.019400786313434608,-0.0015942780379221866,0.001438801263522822
0.02633664030308103,-0.0022049347761101726,0.00118799446208179
0.03398343633213743,-0.0027966686804924245,0.0008743259061073628
0.042242537478460324,-0.0033603362348318794,0.0005066555494360348
0.05099083524415617,-0.0038900870373544867,9.342128651040137e-05
0.06013092209199806,-0.00438114870026614,-0.00035886562403767287
0.06953003561000648,-0.0048318768798016835,-0.0008440712888394925
0.07913142068998981,-0.005239081389155903,-0.0013591374941898172
0.0887900680190699,-0.0056040956898530244,-0.0018998587478750782
0.09853723235933806,-0.005922033133129608,-0.0024670362627380637
0.10816409259764022,-0.006197815434568751,-0.0030565656085985693
0.11786675315707902,-0.0064203613396675695,-0.0036739039577453783
0.1272367137588972,-0.006602312561071026,-0.004311563217246407
0.13682699102513005,-0.006717430591240562,-0.0049823615790685095
0.14572601282007133,-0.006797106034883733,-0.005668838671683123
0.15527966691324988,-0.006781133700319597,-0.006397851554606272
0.16336709507621236,-0.006747340995229006,-0.0071289820604414885
0.17313045765020105,-0.006560321365063699,-0.007918587730023808
0.1797190297693358,-0.006406135634427559,-0.008677973461923609
0.19035284775774283,-0.005981374431114295,-0.009526157158652585
0.194101916194116,-0.00571703984523632,-0.010275211381467657
0.207152557100655,-0.004942454122327355,-0.011174204576347206
0.2051875128703102,-0.0046331495868914075,-0.011835180983390184
0.22385762302665663,-0.0033242766607306457,-0.012774058149722453
0.21007158969603154,-0.0031690866270983296,-0.013208016566061836
0.24132347742077437,-0.0009976966725643486,-0.01419216907456039
0.20359910856411903,-0.0014627161924579883,-0.014169925006548637
0.26289488643662995,0.002214993016294346,-0.015258195212961683
0.17741814437115486,0.0001376087323168693,-0.014361785431614992
0.2977211013694468,0.006610815375249148,-0.015556802043056855
0.11677592982916808,0.0008277721063182079,-0.012416464173484578
0.3655082015448192,0.012472056458567624,-0.011980960466373014
0.0,0.0,0.0
0.0,0.0,0.0
-0.00709075753640756,0.0020481753525586465,0.0009010497482545084
-0.006210161883130509,0.0018617711103460863,0.001448373839928373
-0.004352209388484223,0.0014329829218652401,0.001794057596354091
-0.0016261241999893962,0.0008825476469929289,0.002004687554921667
0.002050277830608016,0.0002516327858722266,0.0021004078136711932
0.006714032478789379,-0.0004275506739806747,0.0020886421863123856
0.012355696297361975,-0.0011277620854806248,0.0019766604276631513
0.018920852688708672,-0.0018270142628810523,0.0017743254174121988
0.02632861957060728,-0.002508337209040284,0.0014931217125078865
0.03446742910051459,-0.0031599641991601475,0.0011451597987126021
0.043228109132415045,-0.0037736803944988725,0.0007414264094331714
0.05247673622642566,-0.004345310903082251,0.00029197948482794596
0.06211878580908024,-0.004871616423172014,-0.0001958968221823343
0.07201423158300096,-0.005353029106498635,-0.0007155183044355501
0.08212217596018286,-0.005787499245307522,-0.0012642249772643844
0.09228380637040844,-0.006178529538516759,-0.001837834242259722
0.1025647427377967,-0.006521282611675908,-0.0024385080312623263
0.1127201255345072,-0.006823238806928193,-0.003062119676861576
0.12301395395154634,-0.00707144636688373,-0.0037164855798135013
0.13294900751338595,-0.007282573858926278,-0.0043933058961941746
0.14321824326865723,-0.007424973563699946,-0.005109258330687385
0.15271445797536343,-0.007537663658988805,-0.0058442286835115225
0.16307747894086164,-0.007548100599664553,-0.006631561002404349
0.17176670826733564,-0.007549952136024102,-0.007424484123218707
0.182529619777897,-0.007382061166889171,-0.008290550049873845
0.18964216741471815,-0.007263786068386376,-0.009127831758875953
0.20157025524705632,-0.0068391642843133055,-0.010075100682516299
0.20561893043915744,-0.006607640221073738,-0.0109187948067567
0.2204941407327251,-0.00579320135443911,-0.011942865564685353
0.21833594240866322,-0.005510689761335131,-0.012711371682391864
0.23977955449590213,-0.004088493243199035,-0.013801643376935544
0.22469600557734884,-0.003960086163548473,-0.014343333198643457
0.2603530831494678,-0.001553499646339215,-0.015500494705109455
0.21896104215009538,-0.0020758847469480655,-0.015559460516011958
0.2855923563427357,0.002030851648605306,-0.016830555900192813
0.1917404997299099,-0.00021626981752283212,-0.015931677166207033
0.3250040610929091,0.006992482552131116,-0.017264335983957862
0.12669721652720844,0.0007316225599235709,-0.013837199092020849
0.39963491263444106,0.013589274491577956,-0.013181098870971662
0.0,0.0,0.0
0.0,0.0,0.0
-0.008541185342585219,0.00242832906619,0.0011282350291756686
-0.007666528285174887,0.0022008890383871218,0.0018175948376201834
-0.005706435936017857,0.0016866083964329917,0.002251158039167523
-0.002824625434727298,0.0010332565678744397,0.0025106512897193505
0.001052125189434313,0.0002935113502474725,0.002623923987925664
0.005955265490356314,-0.0004922287007620628,0.002604595900854081
0.011872424139741445,-0.00129109299841938,0.002466253922282981
0.018745369591751077,-0.002077832982292867,0.002224991578028263
0.02649078702031492,-0.0028340914302596187,0.0018977130399372988
0.034990595971225336,-0.0035483528622166304,0.0015008374655756352
0.044133802988842924,-0.004213506843288968,0.0010482472509440654
0.05377788687445502,-0.004827402259631317,0.0005518915655598613
0.06383276973021257,-0.005388639944612141,1.969914988818393e-05
0.07414707923094649,-0.005900199645299096,-0.000541331840691253
0.0846962679204152,-0.00636139291649946,-0.0011293770860891787
0.09529992596457607,-0.006778374937859147,-0.0017405675068158642
0.10606170991387112,-0.007146315522818257,-0.002378950991922043
0.11668838336463193,-0.0074757899368018575,-0.0030405523187407896
0.1275224308149287,-0.0077515455261473135,-0.0037361771901305166
0.13795637279921807,-0.007995082159231084,-0.0044566958682899435
0.14884589111057137,-0.008168352594476447,-0.005223512202123906
0.1588498392672462,-0.008319403981909178,-0.006013569137527137
0.16994784603744825,-0.008361391057386511,-0.006868019262785295
0.1791112195134723,-0.008406320198522606,-0.0077330174931898
0.19077795440366943,-0.008263677722136134,-0.008689359969626024
0.19822713844067957,-0.00819066161748717,-0.0096204012262132
0.21132502984104384,-0.007772362382514745,-0.010687819525081192
0.21539630739048948,-0.007584738310141853,-0.01164959221288285
0.23194966433988784,-0.006735088942112412,-0.012829355481151144
0.229212658582412,-0.006491758520268472,-0.013737887008077739
0.2533158875806529,-0.004956448563700179,-0.015021078932564163
0.23644638686727276,-0.004868195677552869,-0.015710988375370563
0.2765543978068471,-0.002218226270254499,-0.017091353101399337
0.23093026079050505,-0.002813501458864271,-0.017272230593296727
0.3053246278930152,0.001743418805489151,-0.018774883717601165
0.202510057111743,-0.000693407552546432,-0.01789240210634653
0.3498186571931563,0.007286880196186177,-0.019384742810560116
0.13374439077907127,0.0005317404797149373,-0.015610891043245027
0.4323368955267322,0.014616714845762543,-0.014683112038418353
0.0,0.0,0.0
0.0,0.0,0.0
-0.011171755912883937,0.0029565231811611715,0.0013822140457772658
-0.0109490700512041,0.0026689933806302423,0.0022245615743862845
-0.009374025037289494,0.002030135858293939,0.0027470634734327666
-0.0066406501925107015,0.0012295091579462133,0.0030517762900257143
-0.0026825582121892777,0.00033938185725673406,0.0031774187512618964
0.0024990184298950544,-0.0005865449927059178,0.0031454988110163435
0.008845490330860378,-0.0015076074143219702,0.0029766613263653647
0.016248767616252168,-0.0023955805975169734,0.0026934710295854667
0.02458540699693014,-0.0032324798384120966,0.002318288034470183
0.03370425121701442,-0.004009414751754096,0.001871864793728432
0.04347912010535976,-0.004722612720416852,0.0013709885762314628
0.05375246848434995,-0.00537384770339801,0.0008295451874622958
0.06444114968969539,-0.005964830646027524,0.00025605919939877787
0.07538336327050107,-0.0065020979625672005,-0.00034215737493224324
0.0865795329916388,-0.006986729193138274,-0.0009642878587589608
0.09782681108304016,-0.007428098941944733,-0.0016067822943365028
0.10927933536873619,-0.007821264417314622,-0.002275868403144949
0.12058850194941567,-0.008180462546977517,-0.0029676380031508067
0.13219483528371836,-0.008487589400432682,-0.00369634315875851
0.14336243517876063,-0.008769907628986096,-0.004451743393330278
0.1551429816356136,-0.008981849393708585,-0.005260714546257907
0.1659242349607838,-0.009182169173104588,-0.00609664259860641
0.17808563506232886,-0.009267556697366989,-0.007009761477059723
0.18804038534709883,-0.009371286724308552,-0.0079379684749981
0.20102262988602135,-0.009269462921643833,-0.00897745079945036
0.20918326161172113,-0.009262222162241632,-0.009994641029224748
0.22397139688363635,-0.00886839425825311,-0.01117770130933055
0.22849333465130556,-0.008749098528484857,-0.012252217765054084
0.24737992676707524,-0.00788157482338365,-0.013587529195044072
0.24452214293239175,-0.0077022001327685845,-0.014634321127592718
0.27210209129144514,-0.00606187950249786,-0.01611721137869189
0.25385586221592216,-0.006030755536543749,-0.01695887779741052
0.2993862843834209,-0.0031206794348072357,-0.01857986786864569
0.2496591200774164,-0.0037865630290859578,-0.018893331449068115
0.3328653247955754,0.001284237652585252,-0.020659373168203207
0.22042128290333335,-0.0013164850874829506,-0.019809218624279402
0.3829164614558834,0.007572510221123962,-0.0214988590117002
0.14649712331660011,0.000327337715493625,-0.017379347845815466
0.47323724202105205,0.015910077983833114,-0.016161742464713597
0.0,0.0,0.0
0.0,0.0,0.0
-0.013392664212948237,0.0035249392510422004,0.0017582328928142242
-0.013244509421542865,0.0031673694472958945,0.0028334336091841777
-0.011604633188148014,0.0023902814689363695,0.0034912821331708655
-0.008755416680503865,0.001429601406322087,0.003858765322430385
-0.004645233289194163,0.00037887275201389965,0.00399117168769187
0.0007216600724319435,-0.0006948118580439209,0.003925156315319437
0.007291458252494555,-0.0017434557806356088,0.003695779179843107
0.014959070045780214,-0.002736238297010538,0.003338131463430734
0.023603931098274328,-0.003655677916557752,0.00288410421624398
0.0330682202598699,-0.0044956283072484435,0.0023609751239795627
0.04322446100723558,-0.005255805596806244,0.001789156932310463
0.05390128420889778,-0.00594231429371037,0.0011843382690075038
0.06502156299373808,-0.006560328007997763,0.0005549829375150648
0.07640411861733055,-0.007120534263028364,-9.200094101339953e-05
0.08807254916220808,-0.007626007030146981,-0.0007576675101779297
0.09978879987801201,-0.00808994551952039,-0.0014393672612555645
0.11176139567449563,-0.008507162335812297,-0.0021463064018727358
0.1235686614571802,-0.008896255478879254,-0.002874940491054704
0.13576348038390496,-0.009235643010871422,-0.003643819224454412
0.14745250951973618,-0.00955944341296824,-0.00444157836026462
0.1599143177005053,-0.009813244917215302,-0.005301726739866206
0.17121441576094304,-0.010068437271349977,-0.006193692630860765
0.18419275871724386,-0.010202712965750819,-0.00717865769297139
0.19461405961577563,-0.010373986456704343,-0.008185251241743076
0.20862058457209112,-0.01032035513739268,-0.009328185995307232
0.2170727669022408,-0.010390863542267606,-0.010454805949565516
0.2332029034357924,-0.010029966799658351,-0.011784969448531746
0.23761462509417708,-0.009994446551305445,-0.013007467014986238
0.258425290209512,-0.009117270255230035,-0.014545844595794985
0.25470367354012585,-0.009021152584994939,-0.015781925466818218
0.2853467773340272,-0.007281378941853659,-0.017532443374499846
0.2648050626795815,-0.007331448874073355,-0.018593271209252415
0.3155255235280303,-0.004160678908876737,-0.020542189607994865
0.2606988765178178,-0.00492848919751057,-0.02106115004685327
0.3530453181337104,0.0006669630147257126,-0.023180992393520086
0.23015850205327099,-0.002136969589138707,-0.0224026700913419
0.4091936549331082,0.007679179619189827,-0.024336804457162596
0.15256584059529818,-7.239702919815212e-05,-0.0197734958625181
0.5089483616710528,0.016948676045393782,-0.018192972136797023
0.0,0.0,0.0
0.0,0.0,0.0
-0.017952717448645995,0.0043637529798002785,0.0021621209010567197
-0.019222948996318732,0.003893271298578027,0.0034733503687188884
-0.018488248851941887,0.0028949344153327084,0.004253544722154558
-0.016062541882201624,0.001684279135834155,0.004665443172844007
-0.011923649868120237,0.00039443994121329904,0.004788014763768805
-0.006163227953978385,-0.0008844542301021155,0.004676209359228304
0.001055992306628224,-0.0020950867138036086,0.0043799230976288165
0.009524360618007358,-0.0032072788073380576,0.003945974618394069
0.019044919627108473,-0.004209582251110663,0.0034147883883672635
0.029404585719674282,-0.0051042999936662,0.002819445340882024
0.04045452091241665,-0.0058991910480686955,0.0021835287561311678
0.05200415538395445,-0.006607967848880967,0.0015243073072359614
0.0639909688542787,-0.0072411202379025034,0.0008499695574919837
0.07622060846256176,-0.007814702238148499,0.00016692726415719073
0.08875585965083312,-0.008334052466160355,-0.0005279848394676471
0.101325554322748,-0.008816697023063638,-0.0012330287379960264
0.11421206900484847,-0.009256799562744453,-0.0019607082107639014
0.1269131040571817,-0.00967793843304582,-0.002707689362727657
0.1401221371797271,-0.010054193762702399,-0.0034973172711232556
0.152765545547746,-0.010427780974706617,-0.004316672759680974
0.1663953609788767,-0.010733935860655826,-0.005206790714174
0.17870636160199438,-0.011059066849834813,-0.006132223897628873
0.19308174966872169,-0.011259096862649769,-0.007166791708384034
0.20454585168054107,-0.011520776693357698,-0.00822804112666091
0.22029592615146254,-0.011539016792466597,-0.009452376197348334
0.22972937540102453,-0.011718942355337646,-0.010664505539763686
0.24811587738085356,-0.011421088317263876,-0.012121780956118853
0.2532379361771953,-0.011509824091670388,-0.013469452376249344
0.27714008747233715,-0.010656129323883408,-0.015195824038237637
0.273491757595959,-0.010688431520934256,-0.016601543909937698
0.30866584313933515,-0.008873720706722344,-0.01861443762953996
0.28677334670080845,-0.009041375710315712,-0.01988180545564083
0.34441904470203094,-0.005599275422171628,-0.02217178919496266
0.28506810842548724,-0.006471625106939709,-0.022897472035504553
0.3883441719771506,-0.00026100257240076446,-0.0254142055949988
0.25427833788780085,-0.003216520057529819,-0.024728514685741394
0.4515412371214961,0.00775806108460688,-0.026974065149457105
0.170419917461363,-0.0004678530693222059,-0.021994818830113796
0.5603170730855146,0.018496757115406028,-0.020045254294467525
0.0,0.0,0.0
0.0,0.0,0.0
-0.021124545345840358,0.005208422117356587,0.0028080142591579756
-0.02236991810321017,0.004608007889236917,0.004510393009039158
-0.021454045515903995,0.0033728260894541878,0.005493346113425255
-0.018849744932530492,0.0019039681768157398,0.005966695174070077
-0.01456100705692221,0.00037432210978377946,0.00604996121869958
-0.008666844226108162,-0.0011062438800136555,0.005835631834876148
-0.0012978571668759403,-0.0024741616693045253,0.005405278903553772
0.007361272186336798,-0.0037012337457173264,0.004829179664997283
0.01712965924491712,-0.004781959987834895,0.004162640963773431
0.027788178427673883,-0.0057266316852666475,0.0034467720639836047
0.039185840853863015,-0.006550693795115543,0.0027079974988239064
0.05110909316158925,-0.007275630316033898,0.001963688905010762
0.06350199260650344,-0.007917469859036083,0.0012198840154991118
0.0761390900334579,-0.008498253618771563,0.0004808249315461472
0.08911543921975182,-0.009025730241708727,-0.00026031326239144193
0.10210663632407305,-0.009522436778233211,-0.0010037451258649455
0.11547197990432886,-0.009981591809513971,-0.0017663851285861468
0.12860353639055935,-0.010432631986333187,-0.0025455743100896034
0.14235371531472632,-0.01084439479668408,-0.003370481586287922
0.15542930785286008,-0.011268680744288204,-0.0042266205587066724
0.16969728394821332,-0.011628563211859384,-0.005163963588438474
0.182411692928638,-0.012028193974262415,-0.006141621528106909
0.19758092845374503,-0.012298297827860209,-0.007248538788286958
0.20936279869749863,-0.012659308468176598,-0.008389707168682859
0.2261637383831324,-0.012756594954976679,-0.009727913864979749
0.2356887112567051,-0.013059960829468876,-0.011061914428079444
0.2555255653858217,-0.012834715716779665,-0.012695259036966833
0.2602254938870012,-0.013068060614834478,-0.014222449236643907
0.2862754656082452,-0.012249233549812867,-0.016212133198258417
0.2812364596705407,-0.012439063239618185,-0.017868547194340605
0.31990721507568526,-0.010562079034162578,-0.02025705608420962
0.2948540925855239,-0.010889884346226982,-0.021844746553349517
0.35856263421510043,-0.007190545365487801,-0.024632124280057927
0.2927461109205049,-0.008231065419668886,-0.025698902930038885
0.4069156992798169,-0.0014224446826521285,-0.028789218359861087
0.26031868869356656,-0.00461358844958194,-0.02828347588268383
0.47744835640228045,0.007482389652894153,-0.030950942313194535
0.1732144114592172,-0.00123803868583985,-0.02539216441816739
0.5977978312041955,0.01942102743958645,-0.02297037762202806
0.0,0.0,0.0
0.0,0.0,0.0
-0.02912335946644448,0.006565982538703571,0.003469859602330198
-0.03320787357069,0.005731798780917008,0.005537374448437409
-0.03405357003236665,0.004074520874019718,0.006669598801984152
-0.03218177725526049,0.002160513618409183,0.00715001061949276
-0.027724117561307157,0.00024308811648559973,0.007155046410421262
-0.021003734559452692,-0.001532973822198123,0.006818883510012062
-0.012410005207892016,-0.003101331158455633,0.006251720206044225
-0.002342014137078149,-0.0044488192163049285,0.005542262708639555
0.008882449626563056,-0.005590724020211805,0.004756511167975762
0.020961940149961552,-0.006557657117666505,0.003940977605897977
0.03372392915310718,-0.007380993253723424,0.003123508485154842
0.04693883091617049,-0.008094808238293073,0.002320901883564303
0.06058233910706748,-0.008722717991417724,0.0015366583565595458
0.07441756958396968,-0.009293638415991574,0.0007727001580120571
0.0886011274198419,-0.009817365952807217,1.835703440527935e-05
0.10276450471599535,-0.010321515219176208,-0.0007284716750951049
0.11737354141138356,-0.010797378836051499,-0.001489276666666712
0.13170809999326125,-0.011280786367651952,-0.002261773456844954
0.14681893461896567,-0.011733996323795112,-0.003081285764723323
0.1611651476888608,-0.01222001856265494,-0.003931119887979739
0.17699299954579842,-0.012647701573857719,-0.0048710120866213465
0.19105184126300967,-0.013142400114082731,-0.005853329594719337
0.2080909993328987,-0.013505961901721222,-0.006984086724211315
0.2212758900837752,-0.01399890495033252,-0.008153029308944688
0.24043494423446435,-0.014210031130069883,-0.009553614811740186
0.2513392240507373,-0.014685006260376578,-0.010953013093022034
0.2742765052544953,-0.014580481505442607,-0.01270993101796389
0.2801073998458399,-0.015025281953016403,-0.014356571553514687
0.3104350422853853,-0.014301180690301039,-0.01656005410300833
0.3058533401424851,-0.014731593828279972,-0.01840565171303699
0.35075643318886085,-0.012849637256232026,-0.021131769595892975
0.32456604218552104,-0.013417162081934724,-0.022983574451866894
0.3976505069456407,-0.009471561528468493,-0.026259953284773038
0.3269645658931562,-0.01070629615155715,-0.027633988304150182
0.45547274886963635,-0.0031731656724361284,-0.03134946019758984
0.29573200264956817,-0.006510241223895568,-0.031039459936769886
0.5357381293437096,0.007118897385777209,-0.03424822188167873
0.2008221293071575,-0.002003493160967827,-0.028195935124974213
0.6669268597041825,0.021362183098556736,-0.0253284599995302
0.0,0.0,0.0
0.0,0.0,0.0
-0.03325807416603185,0.007803822484271554,0.004641536104844009
-0.03671684480090159,0.006704892305044141,0.007385192776867148
-0.03684137094484732,0.004619653750673403,0.008799126774449925
-0.034483431522024724,0.0022837993139445223,0.009278097595477437
-0.029811558152823495,1.9243380227726005e-05,0.009107071223688281
-0.023063259988233074,-0.0020105825039529127,0.008511213425154991
-0.014505376023474646,-0.003746011696485327,0.007665057150994131
-0.0044492804165525025,-0.005190371957308032,0.006695411325044289
0.0068335655849644916,-0.006376923312781189,0.005685971763465437
0.01903794860312881,-0.007353277692929608,0.004688081024296036
0.031985194720604876,-0.008164413580285126,0.0037270895730815764
0.04540861355495583,-0.008856126760541361,0.0028145975144034468
0.05928940739600137,-0.009459317667676033,0.0019474213800153319
0.07334467315248867,-0.010010197827468675,0.001121941824470177
0.08777472819525435,-0.010520540717724177,0.00032119400160496796
0.10213593433344918,-0.011023702416130064,-0.00046045355168572086
0.11699981902824468,-0.011508519247660639,-0.0012504219340744454
0.13149941727285108,-0.012018256719036368,-0.002047491917703823
0.14690444160018662,-0.012507349315247442,-0.002894157578929709
0.1613735854785487,-0.013051999610676403,-0.0037715931344140846
0.1775851705870508,-0.013544358281487307,-0.004750694849586428
0.19168790908594613,-0.014134826561018814,-0.005776490233002602
0.20928150946342425,-0.014591555238199385,-0.0069748946536343556
0.22235841129396614,-0.015222336985837547,-0.00821860218573202
0.2423853722636443,-0.015550107312321291,-0.009737983220535228
0.25285852971627987,-0.016209665770819778,-0.011264077197353442
0.2771792359283559,-0.01623178250041086,-0.01322406014463236
0.2818831292312599,-0.016911317375184202,-0.015076905551375011
0.3144750948108693,-0.01629184598772657,-0.017615094690191548
0.3074469813158745,-0.017003402905959707,-0.019779681759416582
0.35627631344932364,-0.015134528777525162,-0.023032879307285408
0.3252911943604678,-0.016014168917538017,-0.025341373402199167
0.40549500202667915,-0.011860291864543057,-0.029390443528507684
0.32589119349363715,-0.013417116191301613,-0.0313228999235243
0.46764097576028507,-0.0052409168930110895,-0.036023012748136254
0.29198765881157024,-0.008910627489289686,-0.03610760210295588
0.5565598065920423,0.006065728787711237,-0.04013760090730769
0.19492961021499544,-0.003499288867361264,-0.033320235190378265
0.7022771552668724,0.021853011335837776,-0.029888028770596486
0.0,0.0,0.0
0.0,0.0,0.0
-0.047807862621912924,0.01005752483881464,0.005785615536125925
-0.056870646442883324,0.008425371744013033,0.00908719834917179
-0.060122944932454465,0.005485623742702313,0.010618651497517626
-0.05862300340878408,0.0023401636101576897,0.010960721491061226
-0.05303483991376174,-0.0005383966307074366,0.010540570933692109
-0.04426553828384184,-0.00295672258275305,0.009670643464295024
-0.033170219649793005,-0.004890268814092369,0.008571183036336404
-0.02046557837370895,-0.006398980626985194,0.007389314722064073
-0.006634057152485128,-0.007568664013773188,0.006214819775137335
0.007927525799561486,-0.008487036018367545,0.005097845841410927
0.023045082906569935,-0.009224933113123408,0.0040586639663201295
0.03846169340692872,-0.009844906522191044,0.003102774202121515
0.05422539179306706,-0.010385781586514983,0.002220148253276209
0.07005447312188136,-0.010890252372950408,0.0014017650703260212
0.08624369912079353,-0.011370128692534483,0.000624662265510414
0.10229718583663089,-0.011863478684200313,-0.00011991315107412112
0.11893510091824859,-0.012354747152134526,-0.0008648968326866285
0.13514204769493693,-0.012894831580771985,-0.001609552207724455
0.1524589028533617,-0.013428390036745858,-0.0024032266511842867
0.16871306246073128,-0.014046823774236444,-0.0032241287793853828
0.18710031173156105,-0.01462285013750735,-0.00415444324489561
0.20308880777451535,-0.01533681463296283,-0.005130345133150788
0.22328755355990643,-0.01591827760016081,-0.006298974651680048
0.2383461208081086,-0.016732125995423584,-0.007512678374577155
0.26167800404936936,-0.017225652691740572,-0.009043060580423817
0.27416048006046634,-0.018141056159476185,-0.010577388572014878
0.30289709460138475,-0.01836338365485226,-0.01262265135939785
0.309409944327767,-0.019385910922013198,-0.01454712049152309
0.3481984803923069,-0.018973941769303816,-0.017295748166020954
0.34229778839252956,-0.020118176301946695,-0.01962759894811327
0.40023669910131454,-0.01838242456154723,-0.023289458371266173
0.36861635107697655,-0.01974806072819147,-0.025893339706504377
0.46250908392346557,-0.015457163285007996,-0.03063758682062545
0.3778397496694345,-0.017443469129385245,-0.03299183668454
0.5400797683627651,-0.008465394474386729,-0.03871436154128868
0.34867691668805795,-0.012348611232016499,-0.039161506176145375
0.6443558379211113,0.004730403329060844,-0.044225333775435235
0.24204234532671084,-0.005066574049164583,-0.03684001404619595
0.8045021305685343,0.02441799044788298,-0.03295713509480222
0.0,0.0,0.0
0.0,0.0,0.0
-0.05242864421826782,0.011837249527811981,0.008074451549251807
-0.05889805969049953,0.00962069831424828,0.012558933856934022
-0.05984073797074633,0.00589598405337231,0.014386438266219763
-0.0570914212867434,0.002100304193505177,0.014465614502948105
-0.051260757444958775,-0.0012125110932321482,0.013518612694060853
-0.04286983334983162,-0.0038724958348847383,0.012061448989460273
-0.03238236581608689,-0.005906386182002942,0.01042518323976969
-0.020277889613021023,-0.007422282160350525,0.008800674545446816
-0.0069398310026402045,-0.008542976061102568,0.007282878486676923
0.007228535219804605,-0.009383654069631157,0.005909911975971884
0.022032585429760776,-0.010033488383551309,0.004684677214039368
0.037156466855063894,-0.010568475159739497,0.003596271831384877
0.052648590494522696,-0.011034015240720499,0.002620364329570776
0.0681639773569786,-0.011479245276956204,0.0017373834230642485
0.08405243752602742,-0.011915667250159172,0.0009150753229456998
0.09971886312501659,-0.012386603363466952,0.0001393093342785394
0.11602008328509242,-0.012871398129413026,-0.0006297014342122584
0.13174604828396955,-0.013429720731430943,-0.0013927292910249445
0.14872455781747565,-0.013994949799942976,-0.0022065939438967305
0.16438438085591056,-0.014676114111864298,-0.0030470388919172416
0.18249566851858726,-0.015323334005085603,-0.004008271958839593
0.1977209997478841,-0.01615194269527107,-0.0050176751765817484
0.21781137110868093,-0.016846286070560733,-0.006245672300005011
0.23182473217173497,-0.017838547311548377,-0.007523304517520189
0.25540814893718333,-0.018486691770688186,-0.00916950534536589
0.2663216944015006,-0.019660646277974834,-0.01082380377039952
0.29596624941161814,-0.02007260966293799,-0.013089214901334143
0.2998637378808977,-0.021454522393280658,-0.015230825724208065
0.3407164697620432,-0.02124227532391827,-0.018385244283940803
0.33022441225828464,-0.022865053449441855,-0.021094804034009724
0.39238794160320317,-0.021270356093120932,-0.025477559394671147
0.35270087740392303,-0.02323517184014599,-0.02870062371028539
0.45499707987128185,-0.018872032222202722,-0.03464932620021438
0.35651577270050444,-0.021539031107741902,-0.03789463488226201
0.5353373884114294,-0.011973102121225081,-0.045383386736103655
0.321564318454865,-0.016498288343436734,-0.04665330909411481
0.6489512896792266,0.002119627030158492,-0.05349652850328924
0.21475550307684194,-0.008049970398824779,-0.04512004569072223
0.8273759999789833,0.02367648466045986,-0.04079718307896217
0.0,0.0,0.0
0.0,0.0,0.0
-0.08064978236339498,0.015761351692141125,0.01021525231414237
-0.09816809872689353,0.012261872917453365,0.015469514331397463
-0.10405468420047122,0.006794536748648365,0.01713830647635408
-0.10124381488388919,0.0015975319955282667,0.01666585022285776
-0.09206036415249323,-0.0025663625415929714,0.015105459437152042
-0.07874438459291667,-0.005594420578676444,0.013118649097282949
-0.06296847670782107,-0.0076716661263547615,0.0110779373046114
-0.045859033870120094,-0.009054823045427079,0.009171010258364507
-0.02802643575227215,-0.009970465212902005,0.007474610206519214
-0.009893775647360414,-0.010595051574605559,0.006005992614862643
0.008441138684321553,-0.011047582979015447,0.004748807926960837
0.026744246859435494,-0.011417619330541773,0.003676388299763379
0.045193850342380014,-0.011752582984517763,0.0027516614914367965
0.06347741749716906,-0.012103053034498167,0.0019460427346583982
0.0820822529434889,-0.012475373518898884,0.001219778608560519
0.10036122748812212,-0.012915125071985788,0.0005547242425722431
0.11936689396850929,-0.01339337400093171,-9.396686025566544e-05
0.13770718085120023,-0.013978038170993952,-0.0007274993532822756
0.15756098619836667,-0.014588722561349346,-0.0014083235494314287
0.17593592933331642,-0.015354212904472263,-0.002108884317846051
0.19728049836162592,-0.016098827044529033,-0.0029334788575900734
0.21536975048127022,-0.017079131979758314,-0.003799758407326256
0.23929843946168594,-0.017928289281794577,-0.004899702049043071
0.2563305293126482,-0.01915969330622557,-0.006040944849772948
0.2847650060313254,-0.02002907247066561,-0.007589770746480577
0.29879015004750964,-0.021562593489140188,-0.009131704769740848
0.33497065738197257,-0.02227098528037332,-0.011372358264777104
0.3418348739843034,-0.024180466305782237,-0.013455380935323856
0.3920347184652805,-0.024334649315770496,-0.016735286568319685
0.38381148233342677,-0.02670326465981143,-0.019489631818081707
0.46003529354169315,-0.025481030927007233,-0.024286642885012092
0.42063076594506504,-0.028414468072166247,-0.027734810597890267
0.5445394348191455,-0.024195906509877338,-0.03461087933125407
0.4409577532118124,-0.02789481441105486,-0.038344033377908676
0.6524283367466737,-0.017611261766425617,-0.04751957964954686
0.41909207584624647,-0.02276640387273962,-0.04939460568403716
0.7946880624813786,-0.001242218690493896,-0.05836645342279079
0.3020767777043191,-0.0114487044250042,-0.049387959957127074
0.9972939950017211,0.027251219160539027,-0.0449776335213825
0.0,0.0,0.0
0.0,0.0,0.0
-0.0841892487359792,0.018431725447770966,0.015056233511660832
-0.0932047610599693,0.013728026503699767,0.02226500787897731
-0.09275714993663173,0.007056977208487695,0.023856551607019442
-0.0874319767465578,0.0011674023244102449,0.022319409147332
-0.078651492328667,-0.0032413539781852747,0.019446532750074904
-0.06719721077992755,-0.0062396476295111004,0.0162785597733236
-0.05367854866015565,-0.00814730578989549,0.013314005477668887
-0.038720473493683426,-0.009302870399658764,0.010736854172097195
-0.02279327637456551,-0.009978440993364554,0.008573693355111427
-0.006365412683251114,-0.010376057541690463,0.006786563510391793
0.010401235944267286,-0.010627049716337614,0.005313577797143789
0.027177831119166086,-0.010827595952855628,0.004094774184531762
0.0441275784109486,-0.011024790563040392,0.0030697265078188213
0.0608552514937567,-0.011270325527065077,0.0021942655784655666
0.07790656962222356,-0.011565159546278063,0.0014175770675424783
0.09451196774150938,-0.01195764458313256,0.000714852640367806
0.11188158232272359,-0.012410097198360275,3.523122253594651e-05
0.12838272605801312,-0.012999766629932588,-0.0006245069713022482
0.1465374115935819,-0.01363115976161497,-0.0013322331496175021
0.16285589766695985,-0.014455176456783628,-0.002058740676495871
0.18249798202788164,-0.01526695469583285,-0.002917533335423951
0.19821152589573365,-0.016369613389324734,-0.0038188047550580823
0.22054877015363442,-0.01733713351694879,-0.0049751244903125024
0.23468615478591157,-0.018776241600021615,-0.006173737945970414
0.2618736997944977,-0.019822162173897723,-0.007829355781640084
0.2720930358545203,-0.02168456314810688,-0.009476147401527942
0.30779020465617185,-0.022632748302845732,-0.011932318489930092
0.30912674619775776,-0.025047974534303026,-0.014217106426159646
0.3603411929767179,-0.025498959874165325,-0.017941099369935452
0.343342613080808,-0.02862824118326969,-0.021090674608022292
0.4235008734382351,-0.02771750691037374,-0.026798070067071838
0.36952009507450534,-0.031755999375772274,-0.031008854602679232
0.5031675533735885,-0.027731185772883405,-0.03968237751554199
0.37558938216490934,-0.03292154150080656,-0.044761640664646586
0.6085059961338031,-0.02237192610893502,-0.057122634448074146
0.33880042034335317,-0.029173615941465347,-0.06066191054684196
0.7577275013331926,-0.006275601882982098,-0.0737536008774333
0.22326067380051706,-0.017191067398670462,-0.06366415139120331
0.9818772222042144,0.023501283778662715,-0.06005029601527239
0.0,0.0,0.0
0.0,0.0,0.0
-0.14425234023405534,0.026304815670765265,0.019264915983830868
-0.17406294527730407,0.01887240415196431,0.0270508843615853
-0.1791552092579349,0.009208518037194855,0.02747224354019174
-0.16898403993646516,0.0015083693965049045,0.024459088616804844
-0.15018015420271663,-0.0035173307578849184,0.020388932648644425
-0.12740653351850165,-0.006356771949463983,0.01641306351585619
-0.10329561406956966,-0.007743514232431335,0.012972060220441664
-0.0791514497085406,-0.008287290050749348,0.010161201061845777
-0.05542108662788914,-0.008395466736700857,0.007931080481277976
-0.03232119001270912,-0.008319850781371008,0.006187718467402781
-0.009706299638846352,-0.008197336829239468,0.004830579074241372
0.012317043900404428,-0.008114607373932197,0.0037739626008996656
0.03413684522244019,-0.008102636819544694,0.0029410577848549843
0.05544620737832414,-0.008202031667711168,0.002277486443058359
0.0769765942365237,-0.008399467123594254,0.0017265580949145842
0.09792379369426574,-0.008740416922674962,0.0012601975813203118
0.11973506469705669,-0.009174096967102235,0.0008259566901754738
0.14058190594158637,-0.009785416096082774,0.00042040829638779955
0.16340335228688518,-0.010461202910198622,-2.493818938953121e-05
0.18422399583637186,-0.011376027180281313,-0.0004790176991322338
0.2090263462132781,-0.012292988644114372,-0.0010579396472490945
0.22948821490676713,-0.013568178119307705,-0.0016662783732790112
0.2578406498830278,-0.014710603242657199,-0.002526883361306328
0.2770005479589872,-0.01643685901418685,-0.0034113596165470258
0.31166235363384787,-0.017747211740172884,-0.004766605616677411
0.32711601389089306,-0.020073521191841998,-0.006083653180692822
0.3728188753250855,-0.02140695284943449,-0.008269826200252128
0.3793221317052494,-0.024570232235490642,-0.010228823790174608
0.44500294544762964,-0.025565700650630827,-0.01380184380418531
0.43239339536073035,-0.029891929993903697,-0.016679801221030015
0.5349607602413331,-0.02969275081828154,-0.022563073653622173
0.4829176882034168,-0.035564013700994386,-0.02667669759871611
0.6526846902047716,-0.03224254213506274,-0.03630676241943323
0.5200337572854972,-0.03990554543499754,-0.04170904571623703
0.810680711282432,-0.029211656615940898,-0.0566000859957211
0.5149176483704688,-0.03840284026179268,-0.06101774638439888
1.0223850138233699,-0.011902668375880596,-0.07846560301384824
0.39479855593091323,-0.02378990027964043,-0.06799287714653018
1.3039076428183791,0.029376247946189028,-0.06603181120467928
0.0,0.0,0.0
0.0,0.0,0.0
-0.14255050934357885,0.03222186185059568,0.029690392385586628
-0.14577071279545395,0.02386115821029628,0.039961808772011484
-0.135924630154658,0.014272169606044355,0.038677649733111455
-0.1230544229974384,0.007504976343501769,0.03272953065826418
-0.10836772365187752,0.0036275711666884356,0.025980085626497788
-0.09202280023816911,0.0018309697286630333,0.02003079275710251
-0.07439380777267057,0.001302282484632405,0.015281484631960916
-0.05608296534867443,0.0014427253320969636,0.0116449435636209
-0.03752016427693783,0.001874512480397843,0.00889957539818933
-0.019117571908526056,0.002372513726090696,0.00682862222321241
-0.0008995541526913429,0.002822986874427966,0.00525409010866832
0.016870690456695012,0.0031568687589774136,0.004043625703248871
0.03452580364008322,0.003360031984272539,0.0030934088192005396
0.051650746869154295,0.0034017766486734826,0.0023327828201054205
0.06901260084903056,0.0033082281361423624,0.001696270664283614
0.08566700211608794,0.00303559127499515,0.0011497782407588566
0.10320264965001953,0.0026468871003672715,0.0006386485025519293
0.11952774203428736,0.002048762319886457,0.00015673629165844442
0.13792080548851837,0.0013721810766268007,-0.0003642599828685494
0.1538627813765546,0.0004180595360168327,-0.0008950557055163906
0.1740865725644263,-0.0005425847645608811,-0.0015516764250907622
0.18911901678198628,-0.0019211155748652244,-0.002239305987761005
0.2128093622572764,-0.0031549631122555306,-0.0031853461233109256
0.2256410251247867,-0.005078320779641786,-0.004156707430636986
0.25576422273556254,-0.006538558837678074,-0.005622472870492692
0.2633408044526597,-0.009213058653061473,-0.007049020273241653
0.3051170708566034,-0.010769003794100115,-0.009420106001138278
0.30089475743703253,-0.01453634165819306,-0.011551698423194624
0.36425659261707316,-0.0158415495669081,-0.015515562129036315
0.3354835767555097,-0.02121579363869526,-0.018735790917146368
0.43937128016700483,-0.021423338607201723,-0.025555667386128134
0.3609715031774852,-0.0291131254754128,-0.030451730314957935
0.5400027527230631,-0.026295457022632588,-0.04238221911373012
0.3635136215706014,-0.037047578874064874,-0.0495732965097623
0.6806445145737241,-0.026912874109455132,-0.06971708539533687
0.3181348389351256,-0.04079454370431362,-0.07725586412647473
0.885865326262705,-0.014710468929882311,-0.10400984613029289
0.19273118566308875,-0.03078839118377935,-0.09310553545302339
1.1842902901847374,0.020707831915786783,-0.09767360059719941
0.0,0.0,0.0
0.0,0.0,0.0
-0.28386015427981803,0.05344602079146504,0.03627953176380793
-0.3195635118239256,0.042345884528073904,0.04492166257666847
-0.30657183132872307,0.030940502413363297,0.04035300776196297
-0.272609597304198,0.02458980209701017,0.031930407965487996
-0.2321176663644214,0.0224414413181183,0.02380059515826148
-0.19199489430091554,0.022717288288554405,0.01727824403271157
-0.15457024925827217,0.024055727839389314,0.01245488228885413
-0.12018561300181033,0.025672128509208792,0.009025093607351395
-0.08837894284564304,0.027196021853808483,0.006632547291294814
-0.058724617964897856,0.028475911622162106,0.004982817436202132
-0.030593654880133388,0.029478138509952727,0.003856600253938025
-0.003822779592327016,0.030196817041305904,0.003100523019124487
0.022261460428292128,0.03066576281259363,0.0026029406471463545
0.04741316462622824,0.030884160551064032,0.0022899199888181073
0.07263112551985162,0.030903344043492098,0.0020988751285766927
0.09698207731279589,0.030688997584574343,0.0019961199844273315
0.12231500334705558,0.030321295752536278,0.001934251596966692
0.14637423444381303,0.029701190676406933,0.0019060933226366327
0.1728775215738589,0.028979585708880005,0.0018549232362030854
0.19683501441249093,0.027932420761941665,0.0018043193319714225
0.22586101065234462,0.026866592523217485,0.0016570946449967338
0.24936569642869275,0.02531035396915398,0.001493625991624843
0.2830629855476039,0.023902110422979968,0.0011176704602384152
0.3049216979487893,0.021674062589068132,0.0007330880003261003
0.34711533153169555,0.019945407479797513,-8.017772287113802e-05
0.36425038880644645,0.016749217162818734,-0.0008391862510067842
0.42177424835101773,0.014784051059487394,-0.002461302070567695
0.42731826653846117,0.010096753493159902,-0.003832423716774398
0.5132492746594985,0.00815818243803637,-0.006972526244875571
0.49343491924909666,0.0011112153026035672,-0.00935168123306454
0.633020519759225,-8.115295142989041e-05,-0.015421615935129841
0.5602247214417192,-0.010831756302849011,-0.01950170631190623
0.8004280168690656,-0.009432116393008488,-0.03130576013018764
0.6191851779256222,-0.025540864895729133,-0.03811727805148647
1.0447316197258276,-0.01670256099661215,-0.06031149738804144
0.6435069828494332,-0.03872538223354224,-0.06879398332785788
1.4006239928495676,-0.010021459450677402,-0.10211168912789376
0.5399080924379807,-0.035425474357160515,-0.09240522861958933
1.8814824264662566,0.03708890269067222,-0.10326169064942828
0.0,0.0,0.0
0.0,0.0,0.0
-0.25746422617289083,0.07596104825698152,0.05491699407275619
-0.2156536694460118,0.07359772932730645,0.06425122164365438
-0.1780160096227608,0.07251874911542733,0.054439316288495396
-0.15111435646188703,0.07426675075648796,0.040711979706232804
-0.128249564472918,0.07733592064335837,0.028904304416471717
-0.10643030553847176,0.08074241920948877,0.02022521703424282
-0.08513177598818321,0.08395949942136965,0.01423157154976966
-0.06461587835775902,0.08674267509286956,0.010167771109115348
-0.04500686717047014,0.08902175645454587,0.007402056296018137
-0.026439885858605454,0.09080712594997954,0.005494972474612392
-0.008671309650327403,0.09215680228136378,0.004157869187022985
0.008192275329550882,0.09311873010481908,0.003205092097901024
0.024665656506072248,0.09376204273952293,0.0025119711220360796
0.04035280598374826,0.094106295180329,0.0019978650916387584
0.056195145552457804,0.09421974847114159,0.001600164554495136
0.07112436243761058,0.09407350853151406,0.0012827164797869985
0.08701017641428929,0.09375968152644695,0.0010026147423794006
0.10140235172371394,0.09317384649255485,0.0007487645422123675
0.11816194836989169,0.09248258649269364,0.0004732761450755082
0.13193376095261028,0.09144184782455891,0.00019086757751873924
0.15073762109209934,0.09038940963394371,-0.0001795425672964046
0.16320683728747662,0.08880454281459488,-0.0005758059576104395
0.1860548883865876,0.08739406328419991,-0.0011654276996042393
0.19551836000457246,0.08507731381400048,-0.00177892399126321
0.22615600067376612,0.08332943682398998,-0.002788932673497332
0.22864699788443874,0.07992718762063666,-0.003770781120278645
0.2740371547876397,0.07792572950559135,-0.005576812794971409
0.2609582820123574,0.07279058204916639,-0.007173152903383005
0.33476943409565335,0.07080317340861131,-0.010540961045226026
0.2887093161082191,0.06278898536412052,-0.013201301912717347
0.4178379666385995,0.061530049679953354,-0.019807871153555565
0.3035864544129265,0.04864201605839726,-0.024458505309431784
0.5393026169449078,0.049805923548562274,-0.03810140596170787
0.28746915949991425,0.02880139887479868,-0.04657258480507635
0.7255737739754118,0.036291633684673905,-0.07499793149045515
0.2103098671735254,0.0031807595216351964,-0.08781443495806938
1.0195082580792376,0.025812848494495673,-0.13830381969087288
0.05542003602999281,-0.019063134522815932,-0.13097040827653972
1.4557796137841423,0.032688611767151134,-0.16886998646404158
0.0,0.0,0.0
0.0,0.0,0.0
-0.6081994026273829,0.14650417473459876,0.051220433143645216
-0.5894447928668154,0.15207314575041034,0.05351284247389697
-0.5048292105596834,0.15933851653644984,0.04149523301816195
-0.41468124204312434,0.16962706334956557,0.028321130638006505
-0.3357627784745334,0.17976780215009755,0.0179982152296196
-0.27006474898156324,0.1882421601296439,0.01098761024906526
-0.21503594798550738,0.1947870101273371,0.00659543510568957
-0.16779412727627202,0.19966007027527757,0.00398990571101731
-0.1259980340627663,0.2032333151617776,0.002527636321152967
-0.08817156816663138,0.20582287470838972,0.0017823107084672023
-0.0530455496463794,0.2076772780773197,0.0014902991844586576
-0.020094935730792317,0.20895658672823156,0.0014894138552258686
0.011651049513723158,0.20979774468302392,0.0016812829869905176
0.042059755798654674,0.21025850979951716,0.002000626394961653
0.07235745116550496,0.21043457663712054,0.0024084694426739304
0.10155740398990047,0.21030820917005758,0.002872197248922969
0.1318171788686061,0.20998785607620563,0.0033766269688801985
0.16059057384900183,0.20936482949864907,0.00389812422263325
0.19219178887572527,0.20862433859530008,0.004433511537126324
0.22086721455094063,0.20749969659281114,0.004956506058529878
0.2555424399859654,0.20636392676130982,0.005471560687762425
0.2837889286598018,0.20463833602868692,0.005942167376958191
0.32428182373224806,0.20310835109242792,0.006374508721693281
0.35066637930071237,0.2005563519465457,0.006718636249767661
0.4019238085856522,0.19864037737119983,0.00696016710071704
0.42260583688622644,0.19481775478332702,0.007051906137611214
0.4939016916857328,0.19257314036339637,0.006879961984116391
0.5000120051192573,0.1866213266447657,0.006484932314012657
0.6097999892959751,0.18425506123579327,0.0053929833213582565
0.5824758517213797,0.17451866968147636,0.0040338741456331685
0.7682765056906022,0.17259785795687513,0.0007715703111726728
0.6678838485452324,0.15585010929915685,-0.0026155331383181536
1.0058437200628272,0.1557652411115273,-0.011260450746154716
0.749797031990032,0.1258716197719723,-0.01901853222956332
1.394050588802317,0.13131404613070888,-0.04062771469913349
0.8088852776091041,0.07813018548416928,-0.0552436208269269
2.062512257802417,0.10134267418471665,-0.09971930054407953
0.7464372980426286,0.015294224363151273,-0.1022245630824165
3.1667859346486664,0.10111817230392481,-0.13995066762504096
0.0,0.0,0.0
0.0,0.0,0.0
-0.4143035110803015,0.2406629979138356,0.067319129405892
-0.24029288861258194,0.29286302537933545,0.06517299035581323
-0.16746612084431425,0.330812650842382,0.04719037137596669
-0.1323797381257072,0.35592083379606715,0.030859184844078274
-0.10753543458064663,0.37213376290952715,0.019506797965867337
-0.0862916175249102,0.38281378315228215,0.012365294861252318
-0.067383872951245,0.3900343248779905,0.008028279965422123
-0.05051991023725897,0.39501975740134254,0.005393874031641621
-0.035328678791965704,0.3985151855679697,0.00376353932087687
-0.021569863137473846,0.4009782383677455,0.0027290037573761195
-0.00879480384311072,0.4027105529955227,0.002058172486840138
0.0030328841952977016,0.40389328959630916,0.0016152664450304925
0.014445564598097031,0.4046693494003776,0.0013208214900211686
0.025119556332810815,0.40509995111449343,0.001121977267306184
0.03591789453231616,0.4052781264101389,0.0009882829452916807
0.04587432229400615,0.40518893508861215,0.0008923383201262632
0.056681067350915874,0.40493533122651565,0.0008231374772660857
0.0660915111639383,0.4044156861411754,0.0007591245568414474
0.07762754844865746,0.40380605674681375,0.0007000407545738356
0.08634661231044936,0.4028549464079764,0.0006200848191854892
0.09965587604055576,0.40191900492019583,0.0005273481396762405
0.10695610718868427,0.4004480583782848,0.00038476235664055994
0.12389398910358927,0.3991979552962368,0.0002056466802931214
0.1280002372609487,0.3969999449073827,-6.144423402819799e-05
0.15218714855573054,0.39546346896281726,-0.0004162590644384502
0.14900679936256805,0.3921201143602055,-0.0009086329226204484
0.18754978294244903,0.3903906608861428,-0.0016254579031000369
0.16806039401963194,0.3850710580149961,-0.002524056039169115
0.23557671724735324,0.3834253861459308,-0.004043808892048249
0.180656354578404,0.3744673007865771,-0.005710641023678987
0.30756726630289954,0.37360694027755426,-0.009210642634645175
0.17634245299317747,0.35756620674340234,-0.012495851215104664
0.4253474624814181,0.3590089337119005,-0.02140962283100574
0.13095218668143893,0.3284447556597408,-0.028460846726012744
0.6306929108158983,0.33482656480146245,-0.05276914954751538
-0.0011546517346559119,0.2734064626013786,-0.06688363988467613
0.9999439494821504,0.2868725408691985,-0.13012863447634382
-0.24006079562095892,0.1638475549222733,-0.13326246926429447
1.5941278849694784,0.17415105213946128,-0.25444236898635847
0.0,0.0,0.0
0.0,0.0,0.0
-1.2687341870110833,0.5036124382520741,-0.00955567801221013
-0.9872147698214548,0.5566025599769712,-0.0015680835416404307
-0.7401603024462546,0.5926337031802521,-0.0003430290378114004
-0.567535611381555,0.6200563528340142,-0.002595814550371597
-0.4458743730521131,0.6386609311380966,-0.004709606610046463
-0.35511067161252863,0.650571439506565,-0.005673341907387525
-0.2828155194619798,0.6581227529436444,-0.005652381188245495
-0.22203598316980921,0.6629947667428446,-0.0050290981702350275
-0.1687421745689948,0.6662227996452814,-0.00408749594652183
-0.12068950599933076,0.6683991348583563,-0.0029958196341757773
-0.07618469707848632,0.6698758484668446,-0.001831461708316471
-0.03445208318004118,0.6708474348013402,-0.0006422780246981238
0.005682136104728857,0.671458495747706,0.0005684083557326708
0.04418507307661538,0.6717664446126335,0.0017736112352082262
0.08244345143028978,0.6718631883722369,0.0030032045385793966
0.11946601107392228,0.6717286486812841,0.004212138513769707
0.15762823892196387,0.6714685024395074,0.005472509896200345
0.19421807699130583,0.6709736461061578,0.006685368266916149
0.23397003780115527,0.6704299129609127,0.00800614320844363
0.2706237447485032,0.6695706968084412,0.009216183267570666
0.3140626847863119,0.6687775705519903,0.010646719139744737
0.3505434409724179,0.6674655746057189,0.011824023284769449
0.4009879519056631,0.6664496749641384,0.01345043445028294
0.4357377733693632,0.6644756839643506,0.014512050578945656
0.499166397050907,0.6632928822659219,0.01648979204082362
0.5276965967091283,0.6602200434296744,0.017233895760564798
0.6156868936192814,0.659017641890269,0.01985542193794639
0.6272197922381961,0.6539398418155487,0.019825442336755872
0.7637104585990825,0.6530964938142076,0.023648730974411343
0.7338178729233412,0.6440711057942097,0.02181593120808486
0.9701531073530186,0.6444636503753649,0.02785318381852372
0.8436218317011273,0.6270441979132719,0.02185569850025333
1.2946086572628737,0.6305268954632419,0.031763870714610405
0.9455765005635518,0.593751359563935,0.016209966603602407
1.8848933950458149,0.6042676726410429,0.032395163492692454
1.012061267047645,0.5192009318220745,-0.00329647735430738
3.151845417318635,0.5490807358338341,0.02468431388586844
0.9134532206450963,0.3369809522671089,-0.03670239657181241
6.353535036331016,0.4557207999017628,0.027627611485825123
0.0,0.0,0.0
0.0,0.0,0.0
0.0,1.0,0.0
0.0,1.0,0.0
0.0,1.0,0.0
0.0,1.0,0.0
0.0,1.0,0.0
0.0,1.0,0.0
0.0,1.0,0.0
0.0,1.0,0.0
0.0,1.0,0.0
0.0,1.0,0.0
0.0,1.0,0.0
0.0,1.0,0.0
0.0,1.0,0.0
0.0,1.0,0.0
0.0,1.0,0.0
0.0,1.0,0.0
0.0,1.0,0.0
0.0,1.0,0.0
0.0,1.0,0.0
0.0,1.0,0.0
0.0,1.0,0.0
0.0,1.0,0.0
0.0,1.0,0.0
0.0,1.0,0.0
0.0,1.0,0.0
0.0,1.0,0.0
0.0,1.0,0.0
0.0,1.0,0.0
0.0,1.0,0.0
0.0,1.0,0.0
0.0,1.0,0.0
0.0,1.0,0.0
0.0,1.0,0.0
0.0,1.0,0.0
0.0,1.0,0.0
0.0,1.0,0.0
0.0,1.0,0.0
0.0,1.0,0.0
0.0,1.0,0.0
0.0,0.0,0.0
