0.0,0.0,0.0
0.0,0.0,0.0
0.0,0.0,0.0
0.0,0.0,0.0
0.0,0.0,0.0
0.0,0.0,0.0
0.0,0.0,0.0
0.0,0.0,0.0
0.0,0.0,0.0
0.0,0.0,0.0
0.0,0.0,0.0
0.0,0.0,0.0
0.0,0.0,0.0
0.0,0.0,0.0
0.0,0.0,0.0
0.0,0.0,0.0
0.0,0.0,0.0
0.0,0.0,0.0
0.0,0.0,0.0
0.0,0.0,0.0
0.0,0.0,0.0
0.0,0.0,0.0
0.0,0.0,0.0
0.0,0.0,0.0
0.0,0.0,0.0
0.0,0.0,0.0
0.0,0.0,0.0
0.0,0.0,0.0
0.0,0.0,0.0
0.0,0.0,0.0
0.0,0.0,0.0
0.0,0.0,0.0
0.0,0.0,0.0
0.0,0.0,0.0
0.0,0.0,0.0
0.0,0.0,0.0
0.0,0.0,0.0
0.0,0.0,0.0
0.0,0.0,0.0
0.0,0.0,0.0
0.0,0.0,0.0
0.0,0.0,0.0
-2.1882786398110198e-26,4.165723120666754e-29,9.606183800370903e-27
-4.1626635407801204e-27,-2.161838936917283e-28,2.245844987903908e-27
-3.0067170484757985e-28,-4.156433296321506e-29,2.120557096838614e-28
-9.797638584312942e-30,-3.0063837965226737e-30,1.0123955621149012e-29
-1.221923828125015e-31,-9.797638584312941e-32,2.4571855313929866e-31
0.0,-1.221923828125015e-33,2.44384765625003e-33
0.0,0.0,0.0
0.0,0.0,0.0
0.0,0.0,0.0
0.0,0.0,0.0
0.0,0.0,0.0
0.0,0.0,0.0
0.0,0.0,0.0
0.0,0.0,0.0
0.0,0.0,0.0
0.0,0.0,0.0
0.0,0.0,0.0
0.0,0.0,0.0
0.0,0.0,0.0
0.0,0.0,0.0
0.0,0.0,0.0
0.0,0.0,0.0
0.0,0.0,0.0
0.0,0.0,0.0
0.0,0.0,0.0
0.0,0.0,0.0
0.0,0.0,0.0
0.0,0.0,0.0
0.0,0.0,0.0
0.0,0.0,0.0
0.0,-1.6179162333311844e-32,-4.1778918231031117e-32
1.6179162333311845e-30,-1.244275841603421e-30,-3.453780134930089e-30
1.244275841603421e-28,-4.301269808420953e-29,-1.2990734249838718e-28
4.301577188886706e-27,-8.770534709048755e-28,-2.9315761878211574e-27
8.774471694920954e-26,-1.1591996951602735e-26,-4.39812914434621e-26
1.161129908842677e-24,-1.0188927696268261e-25,-4.577458662090805e-25
1.0240327257987488e-23,-5.78906491012938e-25,-3.318516273359483e-24
5.873253945708739e-23,-1.907797383329147e-24,-1.613245839463528e-23
1.9962890326223245e-22,5.901018991189224e-25,-4.985390861227288e-23
0.0,0.0,0.0
0.0,0.0,0.0
-9.575973448853908e-25,2.2452247095946574e-27,3.2788654863991228e-25
-2.2414704440160644e-25,-9.394133168829433e-27,9.072303654474451e-26
-2.1184153908263703e-26,-2.235721286189009e-27,1.0517247032180833e-26
-1.0120400933649012e-27,-2.1180999113072207e-28,6.541319851514922e-28
-2.4571855313929865e-29,-1.0121511773492763e-29,2.313951957939507e-29
-2.44384765625003e-31,-2.4571855313929866e-31,4.447816780561442e-31
0.0,-2.44384765625003e-33,3.665771484375045e-33
0.0,0.0,0.0
0.0,0.0,0.0
0.0,0.0,0.0
0.0,0.0,0.0
0.0,0.0,0.0
0.0,0.0,0.0
0.0,0.0,0.0
0.0,0.0,0.0
0.0,0.0,0.0
0.0,0.0,0.0
0.0,0.0,0.0
0.0,0.0,0.0
0.0,0.0,0.0
0.0,0.0,0.0
0.0,0.0,0.0
0.0,0.0,0.0
0.0,0.0,0.0
0.0,0.0,0.0
0.0,0.0,0.0
0.0,0.0,0.0
0.0,0.0,0.0
0.0,0.0,0.0
0.0,-4.1778918231031117e-32,-9.823733045568718e-32
4.1778918231031114e-30,-3.453780134930089e-30,-8.643925791335974e-30
3.453780134930089e-28,-1.2986556358015617e-28,-3.490438489057316e-28
1.29865810563152e-26,-2.9281224076862276e-27,-8.553694086535025e-27
2.9285780387433456e-25,-4.385138987669423e-26,-1.4157463697533776e-25
4.38857928942273e-24,-4.548146037039325e-25,-1.6633421656269784e-24
4.5599879974188456e-23,-3.274542015861633e-24,-1.4151017790249097e-23
3.2986510231908397e-22,-1.567479306925541e-23,-8.65430600937566e-23
1.5992673919888955e-21,-4.653582491732508e-23,-3.6110228554022096e-22
4.932049753275145e-21,1.6113224513414415e-23,-1.0293507680085342e-21
0.0,0.0,0.0
0.0,0.0,0.0
-3.2633966173851334e-23,9.071732112451244e-26,8.961420635111252e-24
-9.04292530221015e-24,-3.1758548565767312e-25,2.862572297965882e-24
-1.049606506110341e-24,-9.011046889255623e-26,3.9203683012576234e-25
-6.534434844349654e-26,-1.0497113896397961e-26,2.981177353188923e-26
-2.3130966112598194e-27,-6.537851798592793e-28,1.3656561391480017e-27
-4.447816780561442e-29,-2.3137075731738816e-29,3.7960540337269995e-29
-3.6657714843750453e-31,-4.447816780561442e-31,5.987445501491429e-31
0.0,-3.665771484375045e-33,4.189453125000051e-33
0.0,0.0,0.0
0.0,0.0,0.0
0.0,0.0,0.0
0.0,0.0,0.0
0.0,0.0,0.0
0.0,0.0,0.0
0.0,0.0,0.0
0.0,0.0,0.0
0.0,0.0,0.0
0.0,0.0,0.0
0.0,0.0,0.0
0.0,0.0,0.0
0.0,0.0,0.0
0.0,0.0,0.0
0.0,0.0,0.0
0.0,0.0,0.0
0.0,0.0,0.0
0.0,0.0,0.0
0.0,0.0,0.0
0.0,0.0,0.0
0.0,-9.823733045568718e-32,-2.1224579948591864e-31
9.823733045568719e-30,-8.643925791335974e-30,-1.973058849903735e-29
8.643925791335975e-28,-3.4896179073760922e-28,-8.47281711938972e-28
3.489437001270742e-26,-8.546294436585291e-27,-2.2269054009603485e-26
8.545780095605273e-25,-1.4126860582451624e-25,-3.99796665672633e-25
1.4129404674873213e-23,-1.6556655250113484e-24,-5.174602936457087e-24
1.6574837714127367e-22,-1.402103515022536e-23,-4.956943950616956e-23
1.4071841910385752e-21,-8.498160720509231e-23,-3.5437453677358506e-22
8.583159645779389e-21,-3.47530174241395e-22,-1.868200326350549e-21
3.569526646980953e-20,-9.447155527398887e-22,-6.759193933463694e-21
1.0153279755713309e-19,3.610306600900568e-22,-1.7990714506970987e-20
0.0,0.0,0.0
0.0,0.0,0.0
-8.893773405245611e-22,2.862282536030347e-24,2.000006472073648e-22
-2.8467589176207164e-22,-8.578777975654457e-24,7.262566457673578e-23
-3.905438164619371e-23,-2.8349962457201817e-24,1.1470161108153095e-23
-2.974053259854004e-24,-3.9088298397774507e-25,1.0266528032182753e-24
-1.3639298885729016e-25,-2.9783934503325453e-26,5.717753158177315e-26
-3.794343340367625e-27,-1.3653031131509918e-27,2.042062559201502e-27
-5.98744550149143e-29,-3.795879473180125e-29,4.608491410413718e-29
-4.189453125000051e-31,-5.987445501491429e-31,6.0851994231965805e-31
0.0,-4.189453125000051e-33,3.665771484375045e-33
0.0,0.0,0.0
0.0,0.0,0.0
0.0,0.0,0.0
0.0,0.0,0.0
0.0,0.0,0.0
0.0,0.0,0.0
0.0,0.0,0.0
0.0,0.0,0.0
0.0,0.0,0.0
0.0,0.0,0.0
0.0,0.0,0.0
0.0,0.0,0.0
0.0,0.0,0.0
0.0,0.0,0.0
0.0,0.0,0.0
0.0,0.0,0.0
0.0,0.0,0.0
0.0,0.0,0.0
0.0,-2.1224579948591864e-31,-4.243332539669783e-31
2.1224579948591865e-29,-1.973058849903735e-29,-4.143504796610816e-29
1.973058849903735e-27,-8.47111245057717e-28,-1.878670654251263e-27
8.4703079144659e-26,-2.2252777201239378e-26,-5.247283419694543e-26
2.224771783786056e-24,-3.990792495242742e-25,-1.0094918250424749e-24
3.989729879726336e-23,-5.155262004855169e-24,-1.4157995099410337e-23
5.155567382481998e-22,-4.921349423037362e-23,-1.4924051132847363e-22
4.9277644618097255e-21,-3.4965474844083196e-22,-1.1985698209700494e-21
3.512796385906396e-20,-1.8219054288602408e-21,-7.344218992839884e-21
1.8454014614841708e-19,-6.420494189796865e-21,-3.3971587617832447e-20
6.646597663447233e-19,-1.6169052548395352e-20,-1.073569149738791e-19
1.7646067873309176e-18,6.757125336741143e-21,-2.6897752268313217e-19
0.0,0.0,0.0
0.0,0.0,0.0
-1.9770034350637247e-20,7.261521051119472e-23,3.7042892316531436e-21
-7.198917615310924e-21,-1.8884807579271807e-22,1.515685926433439e-21
-1.1396327309511396e-21,-7.168912224241004e-23,2.7199670096065322e-22
-1.0220571220551836e-22,-1.1423480690467722e-23,2.799190268711509e-23
-5.701490832109971e-24,-1.0252645258389332e-24,1.8262113238787563e-24
-2.0389393120644844e-25,-5.715458374340074e-26,7.875054665383053e-26
-4.605925370374655e-27,-2.041898820937239e-27,2.2611445512616503e-27
-6.085199423196581e-29,-4.608491410413718e-29,4.211906088336021e-29
-3.6657714843750453e-31,-6.0851994231965805e-31,4.692201580960453e-31
0.0,-3.665771484375045e-33,2.44384765625003e-33
0.0,0.0,0.0
0.0,0.0,0.0
0.0,0.0,0.0
0.0,0.0,0.0
0.0,0.0,0.0
0.0,0.0,0.0
0.0,0.0,0.0
0.0,0.0,0.0
0.0,0.0,0.0
0.0,0.0,0.0
0.0,0.0,0.0
0.0,0.0,0.0
0.0,0.0,0.0
0.0,0.0,0.0
0.0,0.0,0.0
0.0,0.0,0.0
0.0,-4.243332539669783e-31,-7.894309033530733e-31
4.2433325396697833e-29,-4.143504796610816e-29,-8.06023649433649e-29
4.143504796610816e-27,-1.8783445583277515e-27,-3.837018031415546e-27
1.8780993208790638e-25,-5.244004307477067e-26,-1.1309919077851137e-25
5.242107595582584e-24,-1.0079621161789612e-24,-2.3109990917774165e-24
1.007344590095897e-22,-1.4114068559649983e-23,-3.470861269711929e-23
1.410405015932246e-21,-1.4837228810925568e-22,-3.960981764019346e-22
1.4832716663699643e-20,-1.1860674913956505e-21,-3.4979809248490724e-21
1.1876167419934695e-19,-7.208999516661636e-21,-2.404660620581227e-20
7.249340849705531e-19,-3.285799940406749e-20,-1.2814829560124948e-19
3.338274988270789e-18,-1.0036022615949022e-19,-5.281038306816965e-19
1.0485724963452193e-17,-2.3595075238932343e-19,-1.467415177356085e-18
2.6193233650376334e-17,1.0730918580985756e-19,-3.477486282655909e-18
0.0,0.0,0.0
0.0,0.0,0.0
-3.641839649118676e-19,1.515417134649198e-21,5.773804832230172e-20
-1.49573906329183e-19,-3.440871602040033e-21,2.6512758678819535e-20
-2.6926191069849152e-20,-1.4905290199932942e-21,5.3609140632856664e-21
-2.778357028385663e-21,-2.7056137262075224e-22,6.254456224482569e-22
-1.816648700714464e-22,-2.794293607496458e-23,4.6747098317486023e-23
-7.84843045485992e-24,-1.8253154824406454e-24,2.349408020604381e-24
-2.256943564019981e-25,-7.874638638767895e-26,8.085523547685832e-26
-4.2089734711485215e-27,-2.2612740756537033e-27,1.8950747238662304e-27
-4.692201580960453e-29,-4.212080648882896e-29,2.925838636183037e-29
-2.44384765625003e-31,-4.692201580960453e-31,2.7371172042159992e-31
0.0,-2.44384765625003e-33,1.221923828125015e-33
0.0,0.0,0.0
0.0,0.0,0.0
0.0,0.0,0.0
0.0,0.0,0.0
0.0,0.0,0.0
0.0,0.0,0.0
0.0,0.0,0.0
0.0,0.0,0.0
0.0,0.0,0.0
0.0,0.0,0.0
0.0,0.0,0.0
0.0,0.0,0.0
0.0,0.0,0.0
0.0,0.0,0.0
0.0,-7.894309033530733e-31,-1.3728402285078935e-30
7.894309033530732e-29,-8.06023649433649e-29,-1.4602433410402937e-28
8.06023649433649e-27,-3.836440846311678e-27,-7.266117035098752e-27
3.8358250102297574e-25,-1.1303831900206702e-25,-2.2479300152674284e-25
1.129849043407827e-23,-2.308009184991059e-24,-4.8455931978518756e-24
2.3059526114321197e-22,-3.461776628354202e-23,-7.726583787182297e-23
3.457252177489632e-21,-3.941862565596815e-22,-9.437982037170322e-22
3.935967513551812e-20,-3.468427574156808e-21,-9.015966237320928e-21
3.464906691481254e-19,-2.369972152364071e-20,-6.811665603048335e-20
2.3723628001576868e-18,-1.2499996942484123e-19,-4.074987395447631e-19
1.257998632244478e-17,-5.058791299047457e-19,-1.9094049485183895e-18
5.1556507342887726e-17,-1.3456873762384408e-18,-7.102381240594227e-18
1.421208121830234e-16,-2.9655546675189328e-18,-1.7479477890911126e-17
3.3561317945040767e-16,1.4665271344253755e-18,-3.9267604046973746e-17
0.0,0.0,0.0
0.0,0.0,0.0
-5.635760220296189e-18,2.6508159782195587e-20,7.670117443104148e-19
-2.601179240663395e-18,-5.256599658951858e-20,3.9487618865308694e-19
-5.281703914418011e-19,-2.595900217888869e-20,8.959658779414304e-20
-6.183393050657466e-20,-5.325590445658648e-21,1.1754817882442926e-20
-4.635008382443641e-21,-6.241214789534914e-22,9.93344707564974e-22
-2.3351786311918944e-22,-4.6723397665752565e-23,5.700364856112269e-23
-8.053302598037723e-24,-2.3495548447014518e-24,2.2765311545092566e-24
-1.8908108948168678e-25,-8.087206200460063e-26,6.35601989276357e-26
-2.9232725961439745e-27,-1.8954095320881284e-27,1.222361396216915e-27
-2.7371172042159994e-29,-2.9260830209486623e-29,1.5547132937302204e-29
-1.221923828125015e-31,-2.7371172042159992e-31,1.1974884858370605e-31
0.0,-1.221923828125015e-33,4.443359375000056e-34
0.0,0.0,0.0
0.0,0.0,0.0
0.0,0.0,0.0
0.0,0.0,0.0
0.0,0.0,0.0
0.0,0.0,0.0
0.0,0.0,0.0
0.0,0.0,0.0
0.0,0.0,0.0
0.0,0.0,0.0
0.0,0.0,0.0
0.0,0.0,0.0
0.0,-1.3728402285078935e-30,-2.23984146211148e-30
1.3728402285078935e-28,-1.4602433410402937e-28,-2.4744905003393187e-28
1.460243341040294e-26,-7.265168528124211e-27,-1.2824280397635329e-26
7.263816273023637e-25,-2.2468841224060493e-25,-4.146137484985988e-25
2.245612835202031e-23,-4.840205425375105e-24,-9.37819964684406e-24
4.834781187351661e-22,-7.709348491337102e-23,-1.5771508252851272e-22
7.695574271801236e-21,-9.399605726353593e-22,-2.0448324732792206e-21
9.37685765453968e-20,-8.952814468008756e-21,-2.0902536883892024e-20
8.928324365851086e-19,-6.732123011487556e-20,-1.706846877318952e-19
6.717428605957652e-18,-3.996688407988379e-19,-1.1211077698526467e-18
3.997946702642115e-17,-1.8484972920045675e-18,-5.918387166185013e-18
1.8614373291821231e-16,-6.727740500453807e-18,-2.458915856719733e-17
6.87819298988114e-16,-1.567043318285619e-17,-8.343743602664737e-17
1.6757157611521504e-15,-3.240125203607984e-17,-1.8344587895509418e-16
3.748555603387159e-15,1.7466103189356187e-17,-3.9085100399318614e-16
0.0,0.0,0.0
0.0,0.0,0.0
-7.417689748032842e-17,3.9484234239908277e-19,8.786487541827887e-18
-3.845637301568701e-17,-6.808565417502417e-19,5.0732829042712096e-18
-8.774455847250976e-18,-3.8461189981875135e-19,1.2897138013099394e-18
-1.156376414304515e-18,-8.887380445919883e-20,1.8945523928770602e-19
-9.80834593563435e-20,-1.172575716995677e-20,1.7961274750022124e-20
-5.6461671270622515e-21,-9.928934918929056e-22,1.1626194892303718e-21
-2.2608860435393974e-22,-5.701883474858273e-23,5.2890370178457246e-23
-6.326714043308044e-24,-2.2775700671886932e-24,1.70931681142786e-24
-1.2190810445633677e-25,-6.358677260118723e-26,3.904393275868717e-26
-1.5530026003708455e-27,-1.2227108675264274e-27,6.156659728375384e-28
-1.1974884858370606e-29,-1.5549132449020954e-29,6.365423542678758e-30
-4.4433593750000554e-32,-1.1974884858370605e-31,3.887948008216249e-32
0.0,-4.443359375000056e-34,1.1108398437500141e-34
0.0,0.0,0.0
0.0,0.0,0.0
0.0,0.0,0.0
0.0,0.0,0.0
0.0,0.0,0.0
0.0,0.0,0.0
0.0,0.0,0.0
0.0,0.0,0.0
0.0,0.0,0.0
0.0,0.0,0.0
0.0,-2.23984146211148e-30,-3.438800492699818e-30
2.23984146211148e-28,-2.4744905003393187e-28,-3.936032491346391e-28
2.4744905003393186e-26,-1.282282998707657e-26,-2.1183462603439287e-26
1.2820159648297133e-24,-4.144469018135083e-25,-7.131980197132215e-25
4.141794186079086e-23,-9.369211807292737e-24,-1.6855964864625205e-23
9.356904363610151e-22,-1.5741350709901618e-22,-2.974111772723357e-22
1.5707005097500513e-20,-2.037762282817368e-21,-4.0661163438956465e-21
2.0313187499460792e-19,-2.0779439567647054e-20,-4.410978870812554e-20
2.069490111628452e-18,-1.6903404151517567e-19,-3.8541771114062065e-19
1.6826583714755463e-17,-1.1036736605429117e-18,-2.734326696566657e-18
1.0993518606852126e-16,-5.771402199976759e-18,-1.5810526576354403e-17
5.766392326047467e-16,-2.3593050766769525e-17,-7.455156391702091e-17
2.376670590161409e-15,-7.802492799039522e-17,-2.766037319219379e-16
8.00214010425632e-15,-1.6020240828119252e-16,-8.631603857564105e-16
1.737619398267494e-14,-3.103807105600315e-16,-1.712013011632929e-15
3.6830073100092987e-14,1.8328345300079485e-16,-3.4581313181977193e-15
0.0,0.0,0.0
0.0,0.0,0.0
-8.399359625596904e-16,5.074055138040248e-18,8.774235528812148e-17
-4.896013296943826e-16,-7.549354012374074e-18,5.682136051359988e-17
-1.2538663259302242e-16,-4.909786668936717e-18,1.6179802270609073e-17
-1.8526429259021098e-17,-1.2770781170055856e-18,2.655639181715686e-18
-1.7646890095344448e-18,-1.8891674127742914e-19,2.8117822878222583e-19
-1.146740362665728e-19,-1.7955107777509416e-20,2.0374766663546217e-20
-5.2340509480258376e-21,-1.1632597272636456e-21,1.0436806428388107e-21
-1.6963354050825278e-22,-5.293219830770315e-23,3.837280149698053e-23
-3.884186343655901e-24,-1.710596554987111e-24,1.014065189312495e-24
-6.137597661852122e-26,-3.906682816535398e-26,1.9014167526959818e-26
-6.356870075881883e-28,-6.159008050778778e-28,2.449249003413531e-28
-3.887948008216249e-30,-6.366534382522508e-30,2.0276069725270975e-30
-1.1108398437500141e-32,-3.887948008216249e-32,9.331068957786756e-33
0.0,-1.1108398437500141e-34,1.7089843750000216e-35
0.0,0.0,0.0
0.0,0.0,0.0
0.0,0.0,0.0
0.0,0.0,0.0
0.0,0.0,0.0
0.0,0.0,0.0
0.0,0.0,0.0
0.0,0.0,0.0
0.0,-3.438800492699818e-30,-4.98026966320428e-30
3.4388004926998186e-28,-3.936032491346391e-28,-5.893713869709335e-28
3.9360324913463916e-26,-2.1181396643175097e-26,-3.285943362575795e-26
2.1176577817168816e-24,-7.129504407981908e-25,-1.1487359500287166e-24
7.124413671534285e-23,-1.6842046570549896e-23,-2.8270189705910976e-23
1.6817154374466826e-21,-2.969226676648631e-22,-5.211588253422796e-22
2.9617639970545306e-20,-4.054100584456397e-21,-7.47512278944696e-21
4.038807279026159e-19,-4.3889471015766587e-20,-8.549973977136082e-20
4.366402139245052e-18,-3.8229155536936042e-19,-7.926464105714528e-19
3.7985624750958117e-17,-2.69916972232654e-18,-6.018302342225166e-18
2.68017838595117e-16,-1.5492430095328657e-17,-3.758878319599186e-17
1.539450794069475e-15,-7.221690606125309e-17,-1.9320819940201643e-16
7.202693229491918e-15,-2.62641702637588e-16,-8.223611024389253e-16
2.6459902929622207e-14,-7.953365623416206e-16,-2.7434389112768196e-15
8.182650550398895e-14,-1.4510797273344346e-15,-7.918699606602851e-15
1.5992473244987316e-13,-2.627398860957209e-15,-1.4317211643309564e-14
3.2097547767992667e-13,1.7104530761001305e-15,-2.7406219964529834e-14
0.0,0.0,0.0
0.0,0.0,0.0
-8.269989945593288e-15,5.685672463438025e-17,7.714453477806299e-16
-5.4236112854127766e-15,-7.224372429766322e-17,5.594979195558876e-16
-1.5593636923205616e-15,-5.455033330922916e-17,1.7848684112084012e-16
-2.5786161737664604e-16,-1.598749784628804e-17,3.271150219036343e-17
-2.7464768905782275e-17,-2.646990172222097e-18,3.858883224433232e-18
-1.999819797863302e-18,-2.811274416312799e-19,3.1158747591015537e-19
-1.0285488371020894e-19,-2.0393412696797818e-20,1.783820324808552e-20
-3.7947155854333135e-21,-1.044944147716687e-21,7.37715040019535e-22
-1.0058060143879993e-22,-3.841737410205476e-23,2.2171102526652142e-23
-1.8907984986654005e-24,-1.0150429752796801e-24,4.813005854189992e-25
-2.440964337918922e-26,-1.9027689052436313e-26,7.395904334058409e-27
-2.0244966209645976e-28,-2.4503531812097903e-28,7.720730247839032e-29
-9.331068957786757e-31,-2.0280342186208476e-30,5.043586561710805e-31
-1.7089843750000217e-33,-9.331068957786756e-33,1.6748057861236066e-33
0.0,-1.7089843750000216e-35,1.2207031250000161e-36
0.0,0.0,0.0
0.0,0.0,0.0
0.0,0.0,0.0
0.0,0.0,0.0
0.0,0.0,0.0
0.0,0.0,0.0
0.0,-4.98026966320428e-30,-6.817442795849328e-30
4.98026966320428e-28,-5.893713869709335e-28,-8.327030207758626e-28
5.893713869709336e-26,-3.2856693197556854e-26,-4.799666864355437e-26
3.284866491576472e-24,-1.1483940276917797e-24,-1.7381084936188073e-24
1.1475055711273722e-22,-2.82501531022723e-23,-4.441331246673709e-23
2.820440409156633e-21,-5.204245362940644e-22,-8.525236912092913e-22
5.189698788588719e-20,-7.456221811548343e-21,-1.2775708219452575e-20
7.424287255758203e-19,-8.513599445311756e-20,-1.533077707052274e-19
8.462403129046069e-18,-7.872090500648232e-19,-1.4985210474368385e-18
7.810430801895821e-17,-5.953582042021453e-18,-1.2067521563870797e-17
5.897358379513735e-16,-3.696517082693558e-17,-8.066488896760428e-17
3.6583828131419545e-15,-1.8829357072033418e-16,-4.485606099941022e-16
1.8650518929196076e-14,-7.905437214429103e-16,-2.065494364737803e-15
7.865391722202502e-14,-2.5738237626415743e-15,-8.005532935026786e-15
2.592477948650204e-13,-7.174363432232146e-15,-2.4184743654526364e-14
7.404815899646265e-13,-1.1733975460949818e-14,-6.483444584223157e-14
1.3163998379176614e-12,-1.9798279115686807e-14,-1.0796976510370647e-13
2.5002748391546655e-12,1.430609586247682e-14,-1.9590986738545455e-13
0.0,0.0,0.0
0.0,0.0,0.0
-7.150000741706389e-14,5.60289395612584e-16,6.026499431972801e-15
-5.270842855905945e-14,-6.005134897151516e-16,4.877436735967961e-15
-1.7025953836509307e-14,-5.316962065304606e-16,1.7433462944340798e-15
-3.150176755785502e-15,-1.75905036013597e-16,3.568422895432652e-16
-3.74386276789742e-16,-3.2588831455730694e-17,4.685990101009056e-17
-3.041088595865678e-17,-3.859000128962656e-18,4.2055647436464465e-18
-1.749597877411084e-18,-3.120130205973995e-19,2.6784948258207667e-19
-7.265754250529075e-20,-1.7868964343866572e-20,1.2369804951114587e-20
-2.191448680073541e-21,-7.389443359891032e-22,4.181994700367067e-22
-4.7721336054556e-23,-2.2202773450483446e-23,1.0337297108394287e-23
-7.353116940642565e-25,-4.8183927892159875e-25,1.8438837938304362e-25
-7.694136682094017e-27,-7.401766509784763e-27,2.305529425802217e-27
-5.0358106828045545e-29,-7.724450715268635e-29,1.9148680465096568e-29
-1.6748057861236065e-31,-5.044685194523304e-31,9.562829807099869e-32
-1.2207031250000161e-34,-1.6748057861236066e-33,2.2216796875001056e-34
0.0,-1.2207031250000161e-36,0.0
0.0,0.0,0.0
0.0,0.0,0.0
0.0,0.0,0.0
0.0,0.0,0.0
0.0,-6.817442795849328e-30,-8.835110705751913e-30
6.8174427958493285e-28,-8.327030207758626e-28,-1.1121972602616921e-27
8.327030207758628e-26,-4.799329000125122e-26,-6.616252804938776e-26
4.7980854666604456e-24,-1.7376693938471658e-24,-2.4769201442880292e-24
1.7362346815908075e-22,-4.438649719473671e-23,-6.556118408713025e-23
4.430917757239682e-21,-8.514985331564707e-22,-1.3066806934605047e-21
8.489124853721196e-20,-1.2748136953556389e-20,-2.0389446103971965e-20
1.2688015190465776e-18,-1.5275216968168298e-19,-2.556324271343121e-19
1.5172183225802572e-17,-1.4897994398018423e-18,-2.621598624618824e-18
1.4763490224795428e-16,-1.1958103264181337e-17,-2.2262177886585126e-17
1.1822126803935596e-15,-7.95486594755368e-17,-1.577630228920871e-16
7.848225163305157e-15,-4.3919225815255795e-16,-9.381348142201959e-16
4.3283003795901756e-14,-2.0003219058655273e-15,-4.690581394064637e-15
1.973241390016176e-13,-7.629189231093938e-15,-1.947813513579841e-14
7.566108037856474e-13,-2.2381890992426335e-14,-6.922276074794287e-14
2.253189669720395e-12,-5.762424947206138e-14,-1.907784726203523e-13
5.967010487146125e-12,-8.523610696733047e-14,-4.765100211430591e-13
9.751515373690039e-12,-1.3370740569891996e-13,-7.380556854979663e-13
1.7530095337061695e-11,1.0792547345102914e-13,-1.2711337739115606e-12
0.0,0.0,0.0
0.0,0.0,0.0
-5.477464676389683e-13,4.890206915394086e-15,4.218193873865526e-14
-4.524264912402063e-13,-4.355480121369935e-15,3.7874487702502927e-14
-1.6430190507580163e-13,-4.575144841374716e-15,1.515810548152648e-14
-3.403693463567219e-14,-1.7124738912807075e-15,3.467312000571161e-15
-4.511153334008355e-15,-3.55283714971841e-16,5.068919041176162e-16
-4.078354690125259e-16,-4.687317896913976e-17,5.0505954293139535e-17
-2.6129707882123812e-17,-4.213588351392129e-18,3.5686268866547005e-18
-1.212724015352251e-18,-2.6847622725975667e-19,1.8316261301185171e-19
-4.117372004609365e-20,-1.2397885028108245e-20,6.915260309574962e-21
-1.0214986243472139e-21,-4.1903012463260336e-22,1.9257338967569388e-22
-1.8279581858272864e-23,-1.0354019268020922e-23,3.926409847368404e-24
-2.2921755294034774e-25,-1.8461426602069954e-25,5.745115072154476e-26
-1.908602899801706e-27,-2.307461831722767e-27,5.796640411715074e-28
-9.55086691647487e-30,-1.91577893660856e-29,3.730794675313603e-30
-2.2216796875001057e-32,-9.56453879147487e-32,1.310064978816187e-32
0.0,-2.2216796875001056e-34,1.708984375000077e-35
0.0,0.0,0.0
0.0,0.0,0.0
0.0,0.0,0.0
0.0,-8.835110705751913e-30,-1.0853703281336465e-29
8.835110705751913e-28,-1.1121972602616921e-27,-1.4064319352416881e-27
1.1121972602616922e-25,-6.615867320834521e-26,-8.622541842981118e-26
6.614067471320067e-24,-2.4763973184147385e-24,-3.331473962072863e-24
2.474240111201713e-22,-6.552787825227842e-23,-9.116012046175682e-23
6.540674629268588e-21,-1.3053521673439086e-21,-1.882061687861386e-21
1.301114914101362e-19,-2.0352135072987103e-20,-3.049413791180346e-20
2.0248603188070336e-18,-2.548461709771457e-19,-3.9811272009714984e-19
2.5296931827564518e-17,-2.608665400326401e-18,-4.2656670308170226e-18
2.5825153059541424e-16,-2.2091681453903927e-17,-3.800368480871831e-17
2.1805849635807256e-15,-1.559286333175331e-16,-2.8408418860155433e-16
1.5345409847218515e-14,-9.21826218375632e-16,-1.7907407173636658e-15
9.048872847244097e-14,-4.569783541999485e-15,-9.55165755194689e-15
4.4799993043114054e-13,-1.872829389229855e-14,-4.3306751701069186e-14
1.838144413335973e-12,-6.532272307532115e-14,-1.6319736416972522e-13
6.451717308684977e-12,-1.7387416124720598e-13,-5.346714634492898e-13
1.7487431598082608e-11,-4.144616238898114e-13,-1.3542913627778512e-12
4.306211954834485e-11,-5.590112751074482e-13,-3.1607053974715903e-12
6.533852377532125e-11,-8.144702569800762e-13,-4.593040582965208e-12
1.1133134901691564e-10,7.3824466726615e-13,-7.528195787027702e-12
0.0,0.0,0.0
0.0,0.0,0.0
-3.749406499890235e-12,3.803795075390412e-14,2.6656877788490663e-13
-3.4501472506633833e-12,-2.7625383263465462e-14,2.6344776486020753e-13
-1.4085492286253176e-12,-3.4938873111323295e-14,1.1782904405623418e-13
-3.2707825084171843e-13,-1.4827118613827523e-14,3.013537715114719e-14
-4.836631799027449e-14,-3.4493948777337664e-15,4.9079256696060295e-15
-4.86234267169809e-15,-5.071822773599241e-16,5.428401112819285e-16
-3.460296247345011e-16,-5.063480470072508e-17,4.24911597609924e-17
-1.7865347185418733e-17,-3.579580590688992e-18,2.4163074499852304e-18
-6.778698381116832e-19,-1.8370898395816514e-19,1.0134445269446495e-19
-1.895822114258823e-20,-6.933536673178077e-21,3.153487889074084e-21
-3.8799669284043615e-22,-1.9299777780389394e-22,7.257628591672713e-23
-5.696047204804055e-24,-3.9332319498370176e-24,1.2192604523074857e-24
-5.764153512169144e-26,-5.752466443402214e-26,1.4559680186833023e-26
-3.719822987935738e-28,-5.801554090411717e-28,1.1769374192976928e-28
-1.3092104866286869e-30,-3.732452391255977e-30,5.816775918273076e-31
-1.7089843750000768e-33,-1.3101870491286866e-32,1.3330078124968738e-33
0.0,-1.708984375000077e-35,0.0
0.0,0.0,0.0
0.0,-1.0853703281336465e-29,-1.2651553441289132e-29
1.0853703281336467e-27,-1.4064319352416881e-27,-1.6858197430093743e-27
1.4064319352416883e-25,-8.62213821693257e-26,-1.0638723870844173e-25
8.619694910768285e-24,-3.3309002331583966e-24,-4.236173746660705e-24
3.3278663698212735e-22,-9.112188833332827e-23,-1.1963201408943676e-22
9.09449807752188e-21,-1.8804678832931603e-21,-2.553412613873186e-21
1.8740228380220154e-19,-3.0447364288536445e-20,-4.285741378963717e-20
3.028274823527111e-18,-3.9708215694244494e-19,-5.810133007883042e-19
3.9394781948783805e-17,-4.2479210298587744e-18,-6.483126966258211e-18
4.2017642724009184e-16,-3.775832425830284e-17,-6.034824503370501e-17
3.722047015989691e-15,-2.8130832101053924e-16,-4.731758695547177e-16
2.7628308180672927e-14,-1.7646951358191285e-15,-3.1470102059121336e-15
1.726859477514156e-13,-9.347122022820872e-15,-1.780937458645568e-14
9.11837843570792e-13,-4.1955203241858074e-14,-8.578618563815527e-14
4.086797807917368e-12,-1.5564602852364388e-13,-3.551947262027358e-13
1.5182965768245892e-11,-4.989939009793149e-13,-1.2222061096906584e-12
4.903400411007776e-11,-1.2134758896009625e-12,-3.707532848637489e-12
1.218711619419463e-10,-2.683658184723384e-12,-8.692405034420772e-12
2.7978745213940116e-10,-3.3239864252272814e-12,-1.901443330292994e-11
3.9765288406411617e-10,-4.501642753910383e-12,-2.611836334642801e-11
6.44110691175507e-10,4.598933269599816e-12,-4.0897120550547906e-11
0.0,0.0,0.0
0.0,0.0,0.0
-2.311028420014482e-11,2.6518148163772807e-13,1.5314830294529527e-12
-2.3500873391554893e-11,-1.5310624966779696e-13,1.6502822403752521e-12
-1.0770492092600178e-11,-2.378875515614731e-13,8.21858812318222e-13
-2.8064882589046755e-12,-1.14633592289419e-13,2.350239881623128e-13
-4.635638124215614e-13,-2.9947820754838283e-14,4.268595554627184e-14
-5.183227021232437e-14,-4.912307688814176e-15,5.2444221018073834e-15
-4.092217022946746e-15,-5.446373921833353e-16,4.546305476866948e-16
-2.3434070719075484e-16,-4.2658291535557693e-17,2.859780559861387e-17
-9.88619819799573e-18,-2.4255518471242647e-18,1.3282281380719777e-18
-3.091613737970367e-19,-1.0169090653318082e-19,4.5941623326823196e-20
-7.146215954448523e-21,-3.1626226478897977e-21,1.183766998669045e-21
-1.20517611225766e-22,-7.2746340502561e-23,2.2523851529321128e-23
-1.4441101367297058e-24,-1.2214502203972789e-24,3.100598496435696e-25
-1.1709121650723933e-26,-1.4578256298607278e-26,2.9743944108707167e-27
-5.802493691710577e-29,-1.1778805430987152e-28,1.8661603501829565e-29
-1.3330078124968738e-31,-5.818997597960577e-31,6.833331994264303e-32
0.0,-1.3330078124968738e-33,1.1108398437469565e-34
0.0,-1.2651553441289132e-29,-1.400286578245427e-29
1.2651553441289132e-27,-1.6858197430093743e-27,-1.9170807474557987e-27
1.6858197430093746e-25,-1.063834222657062e-25,-1.2440566028678439e-25
1.0635222653935177e-23,-4.2356001241779575e-24,-5.099006602470084e-24
4.2315956499413864e-22,-1.1959178552393668e-22,-1.4840473976259927e-22
1.1934993398129697e-20,-2.5516528374449397e-21,-3.269182171292247e-21
2.5425055614420285e-19,-4.2803309653800016e-20,-5.67293296764214e-20
4.256005720130261e-18,-5.797652403417751e-19,-7.967265699456737e-19
5.749254203096644e-17,-6.46062168754156e-18,-9.231959091786454e-18
6.385798887352398e-16,-6.002207790389386e-17,-8.950240675760013e-17
5.9101136494806655e-15,-4.693014079887859e-16,-7.333329510377905e-16
4.6013597079728234e-14,-3.1087536423323324e-15,-5.113810571762956e-15
3.0343694117127067e-13,-1.7492127350218493e-14,-3.052179029090567e-14
1.6999008371223877e-12,-8.356100165061878e-14,-1.5632943883394668e-13
8.090319953379944e-12,-3.4195513515827977e-13,-6.841142969779367e-13
3.30529011908779e-11,-1.1551482179448032e-12,-2.601481779886404e-12
1.1186161943840603e-10,-3.4176608455100946e-12,-8.223170703808701e-12
3.3377291999802206e-10,-7.644073085989116e-12,-2.3185481041994394e-11
7.661496976976141e-10,-1.5721362097829587e-11,-5.0646524402051134e-11
1.64467486137804e-09,-1.7984981512873395e-11,-1.0421046727260363e-10
2.206137634989107e-09,-2.2700796516883106e-11,-1.3615577006243704e-10
3.4118160936951763e-09,2.6189380756183464e-11,-2.0465681587878862e-10
0.0,0.0,0.0
0.0,0.0,0.0
-1.2916936043800113e-10,1.665918146625711e-12,8.048078528974618e-12
-1.4372832929654794e-10,-7.373515252644278e-13,9.358481107684189e-12
-7.370338082797313e-11,-1.4501973741113097e-12,5.1612620346586065e-12
-2.1564991141188893e-11,-7.939999756353333e-13,1.6487505447609954e-12
-3.985084946339306e-12,-2.3322896093829847e-13,3.3428071139899456e-13
-4.961113066295107e-13,-4.2738507275945066e-14,4.567319966622763e-14
-4.3452290289376797e-14,-5.2664591009094945e-15,4.386821511924217e-15
-2.7559785337905545e-15,-4.568819001393118e-16,3.0503913844885963e-16
-1.288766414776538e-16,-2.873557295924521e-17,1.5656835689839804e-17
-4.4833977764480305e-18,-1.3339779077464867e-18,5.997850979549924e-19
-1.1609824537814187e-19,-4.611209725309777e-20,1.7208175301659786e-20
-2.218722164357977e-21,-1.1873901707692384e-21,3.681690836509673e-22
-3.066272750351291e-23,-2.2578401799344279e-23,5.7943296699766164e-24
-2.952020190051381e-25,-3.1062134344910893e-25,6.526117788518686e-26
-1.8581433385929547e-27,-2.97805852994203e-27,4.985583506311783e-28
-6.822345666139304e-30,-1.8674594288336476e-29,2.311588258069033e-30
-1.1108398437469564e-32,-1.4071216192240663e-29,-1.4718069134791688e-29
1.400286578245427e-27,-1.917080858539783e-27,-2.0695198134042954e-27
1.9170807474557986e-25,-1.2440251112428326e-25,-1.379822172201546e-25
1.2436497112873923e-23,-5.0984959536578696e-24,-5.81554800597201e-24
5.093522740151038e-22,-1.483665554844818e-22,-1.7422852508900598e-22
1.480560993750569e-20,-3.2674140649229355e-21,-3.955574029246389e-21
3.2552544745865174e-19,-5.667204682499212e-20,-7.084552065435667e-20
5.6336413968523964e-18,-7.953378556576746e-19,-1.0287313396797083e-18
7.883865964015441e-17,-9.205677126398572e-18,-1.2349565877938402e-17
9.093408044111534e-16,-8.910276234459691e-17,-1.2432947847472554e-16
8.765254661631495e-15,-7.283489129758628e-16,-1.0609661313528521e-15
7.131120307786733e-14,-5.062066489263657e-15,-7.733923469756101e-15
4.930442075193387e-13,-3.006976566087842e-14,-4.839170435951972e-14
2.9129792279290776e-12,-1.5298032339800286e-13,-2.609977199280958e-13
1.4743663876680613e-11,-6.629396287098521e-13,-1.2182612771965303e-12
6.361054410235705e-11,-2.487107544294321e-12,-4.870789276164878e-12
2.381965233620727e-10,-7.694702435354499e-12,-1.7091970241001255e-11
7.387338818328271e-10,-2.1082993163088324e-11,-4.9917616777597236e-11
2.043868351519465e-09,-4.3636829588104363e-11,-1.3130705406044162e-10
4.361516040566772e-09,-8.370864467630657e-11,-2.6882386182417803e-10
8.78585977621577e-09,-8.883334480769477e-11,-5.22419899913317e-10
1.1192195225624836e-08,-1.0497461283761853e-10,-6.525987654014051e-10
1.661663165407444e-08,1.367821086489406e-10,-9.467361225054594e-10
0.0,0.0,0.0
0.0,0.0,0.0
-6.587849513764317e-10,9.480577405327245e-12,3.8888635669296786e-11
-7.933248798520864e-10,-3.0407496426290777e-12,4.8286877589149015e-11
-4.5276733467993683e-10,-7.947620864548133e-12,2.92813450574244e-11
-1.4870653038125511e-10,-4.941614919814098e-12,1.0424229409841758e-11
-3.0793526768958915e-11,-1.6330251658516203e-12,2.360688165857829e-12
-4.27518296895335e-12,-3.348061975758847e-13,3.592094511249792e-13
-4.1571925946909926e-13,-4.59127979199621e-14,3.826793820901957e-14
-2.919090217457816e-14,-4.413822967769934e-15,2.942014451755539e-15
-1.5102480460453829e-15,-3.0686490519802896e-16,1.6669656251131658e-16
-5.824039746069976e-17,-1.5741318421071325e-17,7.053155884642604e-18
-1.6804724405324852e-18,-6.025795515192313e-19,2.241709405967981e-19
-3.613260663515287e-20,-1.727512731249237e-20,5.3450439379200294e-21
-5.711733477090469e-22,-3.6932527269347934e-22,9.472865503716758e-23
-6.4585736579345096e-24,-5.808409367924593e-24,1.2246277584516395e-24
-4.951823827772843e-26,-6.537665435123867e-26,1.1194318784019483e-26
-2.303780640881555e-28,-5.1385831952576605e-28,5.39980859956992e-29
1.471806913479169e-27,-2.0718327346701766e-27,-2.1212803789208565e-27
2.0695198134042953e-25,-1.3798015070446113e-25,-1.4522942804099957e-25
1.3793750362586132e-23,-5.815164305901615e-24,-6.2889334442203385e-24
5.809342171609403e-22,-1.7419692629405157e-22,-1.9374564927662414e-22
1.738218750481655e-20,-3.953994081364594e-21,-4.5279020952928025e-21
3.938812387071127e-19,-7.079088391479161e-20,-8.358157569952056e-20
7.035698240321184e-18,-1.027327418487907e-18,-1.2527045256320763e-18
1.0180009753339257e-16,-1.2321523666937848e-17,-1.55492507626972e-17
1.2164748313993923e-15,-1.2388051237538762e-16,-1.6219405014523357e-16
1.2176521111287014e-14,-1.0550771871624552e-15,-1.4372758103254307e-15
1.0317572918711054e-13,-7.669616069185268e-15,-1.0909214065726765e-14
7.45703022075666e-13,-4.7800039636155655e-14,-7.137260086739244e-14
4.618546678980755e-12,-2.5637255010067204e-13,-4.0381824547400397e-13
2.461193029100627e-11,-1.1873617001872299e-12,-1.979738001429119e-12
1.1330751042491436e-10,-4.693352557887418e-12,-8.46935275196474e-12
4.45592671468642e-10,-1.6215664098963314e-11,-3.1102995269351377e-11
1.5362483345464423e-09,-4.62019757193813e-11,-1.0113646897347628e-10
4.391035590581172e-09,-1.176327446649893e-10,-2.743778036192476e-10
1.130494033010117e-08,-2.2655031813719157e-10,-6.759589414176851e-10
2.25601795392603e-08,-4.0683421088923986e-10,-1.303892783112277e-09
4.28243029364609e-08,-4.0176082367576844e-10,-2.4040625504344498e-09
5.207000934547137e-08,-4.471926328052377e-10,-2.883491880125943e-09
7.467421371010187e-08,6.571349017723635e-10,-4.06030802216381e-09
0.0,0.0,0.0
0.0,0.0,0.0
-3.0823122947918068e-09,4.9123975352114335e-11,1.735451911616679e-10
-3.972002956490014e-09,-1.0350600713310428e-11,2.2779319852054072e-10
-2.5046848108483587e-09,-3.931287168236266e-11,1.5061392511370577e-10
-9.217033506561199e-10,-2.7714656926313378e-11,5.951187492506731e-11
-2.1414416272778282e-10,-1.0298248919704836e-11,1.5050639095258138e-11
-3.322133257638383e-11,-2.365158734924762e-12,2.554311517208112e-12
-3.5918488890625664e-12,-3.615338957741332e-13,3.023229325923274e-13
-2.793443561868117e-13,-3.855812354664756e-14,2.5723596450018463e-14
-1.5975205140829617e-14,-2.963696868830142e-15,1.609144564852757e-15
-6.811203532746811e-16,-1.6780636947846628e-16,7.513095700546024e-17
-2.178865530937468e-17,-7.093922937957782e-18,2.6400878667553415e-18
-5.224431474151517e-19,-2.2526360211253017e-19,6.993683406878166e-20
-9.30526217013402e-21,-5.366397711960922e-21,1.3885142677982342e-21
-1.2083719481954634e-22,-9.502808206183268e-23,2.033781407830314e-23
-1.1090832216744146e-24,-1.2275518188955858e-24,2.129573507025223e-25
-5.361087386358578e-27,-1.3334273757228677e-26,-5.619047093170666e-28
2.1212810295556227e-25,-1.4529749734318752e-25,-1.4508349884892446e-25
1.451829508418489e-23,-6.288729244699957e-24,-6.450758760335905e-24
6.282295265233375e-22,-1.9372482235970742e-22,-2.0418443506650642e-22
1.9329771075398303e-20,-4.52671165780224e-21,-4.907033861411812e-21
4.508872018780985e-19,-8.353619660572841e-20,-9.324312078802242e-20
8.300928476582862e-18,-1.2514440376017064e-18,-1.4403818564821364e-18
1.2397177905115719e-16,-1.552234123382267e-17,-1.8454140454831458e-17
1.5317783875884415e-15,-1.6173668347525917e-16,-1.9903720834377264e-16
1.5886437295170852e-14,-1.4309322366891322e-15,-1.8276243514393496e-15
1.397860965845123e-13,-1.0836122777926127e-14,-1.4407304771109422e-14
1.0519815135243465e-12,-7.066367397004287e-14,-9.81073695626426e-14
6.812895420692626e-12,-3.9797109789754094e-13,-5.80172023516443e-13
3.808690145823723e-11,-1.9384351662226068e-12,-2.9881809446876595e-12
1.8410361673441472e-10,-8.218514829888783e-12,-1.3388398018047195e-11
7.751817717398901e-10,-2.978619689663301e-11,-5.2746886748951865e-11
2.7931684704356924e-09,-9.515422376581938e-11,-1.7882411588288933e-10
8.901187058894078e-09,-2.5096951078540184e-10,-5.40938299039682e-10
2.357270076852137e-08,-5.959054656084778e-10,-1.369994731825707e-09
5.6686939412247707e-08,-1.0731518091491696e-09,-3.1739002472363603e-09
1.0634817574414186e-07,-1.8118122822299644e-09,-5.795712286873853e-09
1.9113106990585187e-07,-1.6684393998090674e-09,-1.0186794383116045e-08
2.2271864302133567e-07,-1.7622720979209605e-09,-1.1772887196309727e-08
3.10530795172597e-07,2.9117180586893013e-09,-1.618253180250308e-08
0.0,0.0,0.0
0.0,0.0,0.0
-1.3288638107546391e-08,2.32890246370499e-10,7.178073102122155e-10
-1.812856097175654e-08,-2.6010528831910086e-11,9.869186285131545e-10
-1.2520385513669462e-08,-1.7622916105430448e-10,7.050282713570717e-10
-5.142887592279056e-09,-1.405049016197405e-10,3.073867867809754e-10
-1.3412946420519506e-09,-5.859058857464425e-11,8.668157828645262e-11
-2.330139870156145e-10,-1.5083122360242014e-11,1.6425487912555417e-11
-2.8071168799704502e-11,-2.5745007186780573e-12,2.1636771434671063e-12
-2.421310003907458e-12,-3.0512761099524454e-13,2.040308858424877e-13
-1.5311265137744364e-13,-2.595533039821103e-14,1.4096637283585557e-14
-7.212062653531772e-15,-1.6222457954070732e-15,7.256257889584303e-16
-2.553028390247021e-16,-7.566359972291067e-17,2.811995702588994e-17
-6.805807901302053e-18,-2.655974479800036e-18,8.239759751028043e-19
-1.3586777712731073e-19,-7.028582152739684e-20,1.8225213320712756e-20
-1.999876539937971e-21,-1.3941097198154562e-21,3.0184104328968005e-22
-2.1034675586146284e-23,-2.040375263736369e-23,3.683549991414121e-24
5.740808511533234e-26,-3.585547078709725e-25,-1.0528850902222834e-25
1.4503782913380926e-23,-6.452268688361258e-24,-6.2766483702353675e-24
6.4440459305350235e-22,-2.0417733171836195e-22,-2.0398779009969352e-22
2.0371828263418398e-20,-4.906398266957378e-21,-5.0368388679670866e-21
4.886639894905341e-19,-9.321313327924997e-20,-9.842141729065712e-20
9.261098868383893e-18,-1.4394288167020892e-18,-1.5650992634189362e-18
1.4255808377057543e-16,-1.8431688217958228e-17,-2.0667861426088833e-17
1.818158201929622e-15,-1.9862415390577839e-16,-2.300909050883408e-16
1.9497978301072245e-14,-1.821491734651456e-15,-2.184419960304084e-15
1.7778263380996179e-13,-1.4332148075141038e-14,-1.7842849107707e-14
1.3896041747044762e-12,-9.733482239836571e-14,-1.2623446886502575e-13
9.366869796830609e-12,-5.734343348145191e-13,-7.769406926427261e-13
5.473307797094341e-11,-2.9378736147611757e-12,-4.177360559744317e-12
2.780028574439202e-10,-1.3064598544631514e-11,-1.9695681762156153e-11
1.2252926547492523e-09,-5.0946067504453564e-11,-8.105167164437e-11
4.74020111084119e-09,-1.7012907042276659e-10,-2.953306552885801e-10
1.572632199147856e-08,-5.044070763901542e-10,-9.28679330709532e-10
4.649649745462134e-08,-1.2373725916666101e-09,-2.6236567933420243e-09
1.146429420825527e-07,-2.750594692890674e-09,-6.231756065193461e-09
2.585532871625192e-07,-4.652267874049378e-09,-1.3634803001015665e-08
4.581396262399105e-07,-7.4197285893260555e-09,-2.367062545820415e-08
7.835036648072178e-07,-6.378982080852932e-09,-3.985566331212662e-08
8.778264115391369e-07,-6.448688200144347e-09,-4.451252171454342e-08
1.1976611652440815e-06,1.1927456821026698e-08,-6.005572231640395e-08
0.0,0.0,0.0
0.0,0.0,0.0
-5.297563351009545e-08,1.0147521680405473e-09,2.7595911270792057e-09
-7.576996699344178e-08,-2.335484369979414e-11,3.942538976278966e-09
-5.676519106539766e-08,-7.188463003289225e-10,3.015036250291277e-09
-2.5876289173659584e-08,-6.460613566764241e-10,1.4398278103205932e-09
-7.568722356647344e-09,-3.012595478019099e-10,4.512778805646258e-10
-1.4750237010856802e-09,-8.688305987791934e-11,9.551612079598843e-11
-1.9845859807873574e-10,-1.6582990922487122e-11,1.4030559046834574e-11
-1.9019346031158055e-11,-2.1881386297301693e-12,1.469315226533657e-12
-1.3307763700991027e-12,-2.0626895692235944e-13,1.1228418453829822e-13
-6.920121589153683e-14,-1.4236323696038133e-14,6.375278245305982e-15
-2.7043335445647086e-15,-7.318957359212852e-16,2.722367458736602e-16
-7.980904489645374e-17,-2.832699541468175e-17,8.797506070294051e-18
-1.7762252246115177e-18,-8.290405317714755e-19,2.1509472441606993e-19
-2.9579326704670295e-20,-1.8316557852783177e-20,3.946751435396461e-21
-3.6275635975412877e-22,-3.031738836175979e-22,5.321309973185754e-23
1.0559510873088921e-23,-9.973532635406716e-24,-5.280043798546168e-24
6.2702333020269535e-22,-2.0402779908801448e-22,-1.9317888693636655e-22
2.0352949039350303e-20,-5.0368509488415505e-21,-4.89744405535844e-21
5.016204778718309e-19,-9.841115432291713e-20,-9.832328749720428e-20
9.776277376705514e-18,-1.5645891362087713e-18,-1.6078282119354831e-18
1.549203865507823e-16,-2.0652976205403906e-17,-2.1856581692099735e-17
2.0365832598925215e-15,-2.297772498625236e-16,-2.50804684794701e-16
2.2544542275480077e-14,-2.1792744401118175e-15,-2.4579294380430114e-15
2.125414207144805e-13,-1.7774494886093914e-14,-2.0756713499207283e-14
1.7214707848361634e-12,-1.254809811414108e-13,-1.5211003491085212e-13
1.205677649590314e-11,-7.699339663129454e-13,-9.728028352006353e-13
7.332494164049511e-11,-4.121789764849338e-12,-5.447158613166979e-12
3.887642825822209e-10,-1.9316712167411126e-11,-2.6769028000349193e-11
1.803789225007624e-09,-7.881274625085248e-11,-1.1608737556183698e-10
7.284081801037093e-09,-2.838534883563941e-10,-4.407998197934652e-10
2.5995703564526996e-08,-8.774138559629893e-10,-1.4913203842544796e-09
7.977333058044839e-08,-2.423480361831814e-09,-4.3686986621792485e-09
2.1965111241646095e-07,-5.554046245373061e-09,-1.1572486711521118e-08
5.065088875303951e-07,-1.1607051673862849e-08,-2.5889133155992096e-08
1.075971316748182e-06,-1.8512021211937137e-08,-5.373129870445891e-08
1.808330850175154e-06,-2.8032674421056265e-08,-8.902299574089253e-08
2.958049115684077e-06,-2.2510615266081592e-08,-1.4429466173464025e-07
3.194839846896826e-06,-2.199127793373287e-08,-1.5611392278208418e-07
4.292210830750529e-06,4.526862409989977e-08,-2.0785023441353398e-07
0.0,0.0,0.0
0.0,0.0,0.0
-1.9580523604650378e-07,4.0800026959343444e-09,9.886228981521687e-09
-2.9117288780321934e-07,2.282342182225166e-10,1.4574994878240832e-08
-2.3433700575422186e-07,-2.6789507196791847e-09,1.1826694042377684e-08
-1.1765367925719e-07,-2.7042633280123947e-09,6.13444896501825e-09
-3.848753893417687e-08,-1.402902278264472e-09,2.126092338987709e-09
-8.423759870411006e-09,-4.523304438782138e-10,5.022058409837439e-10
-1.2691325530154827e-09,-9.662130628813537e-11,8.239625983219546e-11
-1.3547993567114891e-10,-1.4223402473291582e-11,9.604463602698178e-12
-1.0507622414777049e-11,-1.4888952786865626e-12,8.133995548792762e-13
-6.036350081618141e-13,-1.1363419358783164e-13,5.1005056052645013e-14
-2.602348881066556e-14,-6.442144338958599e-15,2.4017005128982472e-15
-8.477007688764666e-16,-2.746776256290442e-16,8.568958821225197e-17
-2.0868054335464802e-17,-8.863845140386052e-18,2.3258578230808187e-18
-3.852106533900581e-19,-2.1643562103615352e-19,4.7983473132191666e-20
-5.2215993112898136e-21,-3.972435231832372e-21,7.425993800087596e-22
5.28132012573907e-22,-2.4675054137609507e-22,-1.6469665101092875e-22
1.927533952470388e-20,-4.898616280248256e-21,-4.509940587838978e-21
4.877737530842297e-19,-9.833428594198628e-20,-9.296221666896177e-20
9.76759233778344e-18,-1.607837166147082e-18,-1.5618561245558825e-18
1.5917388659993044e-16,-2.185147153788178e-17,-2.1832816422901707e-17
2.1541471282728784e-15,-2.506362853994676e-16,-2.5788991550872146e-16
2.4580361905947256e-14,-2.45450454456887e-15,-2.6049320659313153e-15
2.3922966031591925e-13,-2.0704532968318362e-14,-2.2710474058418724e-14
2.0033608500868953e-12,-1.5147359720746056e-13,-1.7209791928209696e-13
1.4534509485458941e-11,-9.663782697765693e-13,-1.1396433350727153e-12
9.186012170608621e-11,-5.392383400654499e-12,-6.627192399409369e-12
5.072803579011481e-10,-2.636965949996331e-11,-3.394655184911572e-11
2.4528061577600844e-09,-1.1357809056343801e-10,-1.5321741927969515e-10
1.0443129887587567e-08,-4.2709539033789764e-10,-6.137780065659834e-10
3.880938101894494e-08,-1.4261790761995414e-09,-2.159891394645469e-09
1.282464376172716e-07,-4.098027912839167e-09,-6.811476335626215e-09
3.655575903818849e-07,-1.0585573403931268e-08,-1.8667056957339794e-08
9.409939451403659e-07,-2.275780708745748e-08,-4.655531702050744e-08
2.0378863403411205e-06,-4.490940669536533e-08,-9.849802622525748e-08
4.095893220496776e-06,-6.778613055966175e-08,-1.9478786536394168e-07
6.553618168889959e-06,-9.798310396518556e-08,-3.0908812096024153e-07
1.0306836613077839e-05,-7.347144745378566e-08,-4.845996720960745e-07
1.075256674371607e-05,-7.013851010043431e-08,-5.089386644761612e-07
1.431362416060528e-05,1.5945160072250573e-07,-6.720076940863576e-07
0.0,0.0,0.0
0.0,0.0,0.0
-6.726235725390965e-07,1.519342394581105e-08,3.3057453574273255e-08
-1.0325846754377465e-06,1.911240927884306e-09,4.9993095656788186e-08
-8.845158690652153e-07,-9.159453636967764e-09,4.2689675602463446e-08
-4.848569589912882e-07,-1.0346663482459417e-08,2.3838489588938976e-08
-1.7651272587520581e-07,-5.933502673479778e-09,9.072786686662954e-09
-4.338109140042292e-08,-2.130579139035893e-09,2.3850675929603935e-09
-7.336076790707547e-09,-5.091843683036194e-10,4.3737336950439384e-10
-8.748277869274098e-10,-8.37709989070492e-11,5.6863735521904666e-11
-7.538755479508516e-11,-9.759727503567927e-12,5.346867341195155e-12
-4.791890446666263e-12,-8.252341780624162e-13,3.7053212445456597e-13
-2.2811493671457615e-13,-5.165126220035406e-14,1.9209915258365588e-14
-8.21265819580754e-15,-2.427701650489848e-15,7.525210911109693e-16
-2.246302634094258e-16,-8.647064527089127e-17,2.2368506436146603e-17
-4.665190022511112e-18,-2.343431781553593e-18,5.033071151747432e-19
-7.261481543406978e-20,-4.8451343666820195e-20,8.336183575554205e-21
1.644700007386028e-20,-5.2625135004831444e-21,-3.826767097037251e-21
4.492186474905686e-19,-9.300154781703885e-20,-8.315459546201729e-20
9.23622472580039e-18,-1.5623830349168852e-18,-1.4343433712411166e-18
1.54650981927724e-16,-2.1838265360555664e-17,-2.059991203452596e-17
2.152328369318416e-15,-2.578926485203743e-16,-2.502190895075506e-16
2.528262342185883e-14,-2.6037522257138183e-15,-2.6016293636186858e-15
2.5363585135379976e-13,-2.268236139277252e-14,-2.3373915746798228e-14
2.1929874614845535e-12,-1.7167226165627747e-13,-1.8283409828985768e-13
1.6454041006951065e-11,-1.1347073559003906e-12,-1.2524300194185483e-12
1.0768441138957129e-10,-6.5805754612686896e-12,-7.542784399420977e-12
6.176302837930346e-10,-3.357684248035622e-11,-4.009024909285511e-11
3.1136078444535353e-09,-1.5071201664514428e-10,-1.887310826810829e-10
1.379387710463023e-08,-5.991481668845044e-10,-7.857381328206914e-10
5.411253652567744e-08,-2.0854867216208284e-09,-2.918798398920119e-09
1.8584290344054718e-07,-6.481551817474741e-09,-9.557015970822504e-09
5.707703414600843e-07,-1.738457941928443e-08,-2.820049318698961e-08
1.5173857340772765e-06,-4.216732105155421e-08,-7.258643732000855e-08
3.666515684149666e-06,-8.538501554402496e-08,-1.7114088241269508e-07
7.4874336032121315e-06,-1.5983960014615695e-07,-3.437296384633945e-07
1.4304070226355635e-05,-2.2910211689635094e-07,-6.505886449890738e-07
2.186390247643966e-05,-3.178445566164765e-07,-9.917359395511478e-07
3.322641907613321e-05,-2.2236892186523068e-07,-1.5111803207015049e-06
3.3533688252905824e-05,-2.0997585856308314e-07,-1.5429813852433297e-06
4.449094414861901e-05,5.22329083952547e-07,-2.0310419536729217e-06
0.0,0.0,0.0
0.0,0.0,0.0
-2.1500840679507037e-06,5.254292280557229e-08,1.034671971713286e-07
-3.3873408498357517e-06,9.833986693832864e-09,1.5967393852256874e-07
-3.062542097747303e-06,-2.8833887188313932e-08,1.4240146393719396e-07
-1.8160564149847132e-06,-3.6321155045460355e-08,8.48630679338289e-08
-7.305835463391523e-07,-2.2856324287957477e-08,3.518199559256185e-08
-2.0116162798156688e-07,-9.087743761055544e-09,1.0245832254502349e-08
-3.8238869566009e-08,-2.4248251637289556e-09,2.0998916550633925e-09
-5.10784059967618e-09,-4.4624990463659275e-10,3.0531645608016394e-10
-4.901992068624696e-10,-5.798209867613816e-11,3.1992366439338287e-11
-3.4509098533952674e-11,-5.441291619524632e-12,2.4602445409144487e-12
-1.8115144469052941e-12,-3.762217477024136e-13,1.4114840607249372e-13
-7.168664169481753e-14,-1.9462224377558485e-14,6.119335773200525e-15
-2.1490288380390124e-15,-7.608816291361807e-16,2.0223084527262188e-16
-4.8708813610213236e-17,-2.2576605873607203e-17,5.117652268528116e-18
-8.116199721169358e-19,-5.111063175036129e-19,9.592942024383507e-20
3.813817096117378e-19,-9.173752957894759e-20,-6.886566450246473e-20
8.263073371663164e-18,-1.4354152204243275e-18,-1.2446538026969431e-18
1.4205589037246904e-16,-2.061509172500593e-17,-1.83514112350441e-17
2.0313765881337986e-15,-2.503925833024565e-16,-2.2900338218800083e-16
2.453981538569569e-14,-2.6028809231220413e-15,-2.4484973674555172e-15
2.534333160825902e-13,-2.337433294269014e-14,-2.2646364606717846e-14
2.258338041504453e-12,-1.8268697347080788e-13,-1.8254414894985844e-13
1.7492568059007638e-11,-1.2497606366400683e-12,-1.2901381235976541e-12
1.18443269960313e-10,-7.511423898338585e-12,-8.035897913799503e-12
7.036585380423616e-10,-3.980419734321339e-11,-4.4256368344761985e-11
3.6808990894593124e-09,-1.8658068168232618e-10,-2.160371646831893e-10
1.7014895195832674e-08,-7.720175432280751e-10,-9.387918189178261e-10
6.935026154697641e-08,-2.8436454068082593e-09,-3.6204771690682086e-09
2.515850981994294e-07,-9.198373228432207e-09,-1.252040899370629e-08
8.015486119058546e-07,-2.6707873865367974e-08,-3.8298848403466643e-08
2.296354747130492e-06,-6.712744927235511e-08,-1.0616715610792066e-07
5.7154313977443664e-06,-1.5352596269899148e-07,-2.5768847059971996e-07
1.301714989413578e-05,-2.939010086233465e-07,-5.768751506746909e-07
2.5157704695502208e-05,-5.243571707154794e-07,-1.1040281233847376e-06
4.5890816614389244e-05,-7.157924397983484e-07,-2.009097602919988e-06
6.71970918219434e-05,-9.585752004926952e-07,-2.950755059650009e-06
9.917154240866818e-05,-6.247530077495876e-07,-4.390473021007418e-06
9.690505935095065e-05,-5.92300216089409e-07,-4.364752043389091e-06
0.0001289500506403893,1.5920572277435585e-06,-5.752652045459671e-06
0.0,0.0,0.0
0.0,0.0,0.0
-6.4142979341450214e-06,1.6935643200380805e-07,3.030585519044262e-07
-1.031722432713914e-05,4.0734881536549386e-08,4.750945867611352e-07
-9.770892254918206e-06,-8.397195309600483e-08,4.3946370140190683e-07
-6.211811521209301e-06,-1.1756614853083644e-07,2.771521478084482e-07
-2.738279421262941e-06,-8.05507384488736e-08,1.2404215832591362e-07
-8.409949747266861e-07,-3.521268307647602e-08,3.9735356725755914e-08
-1.798233666676077e-07,-1.0449700166775976e-08,9.07550777702001e-09
-2.6999242191268404e-08,-2.1516702875341e-09,1.4761368915737362e-09
-2.898122373639343e-09,-3.1261593904287377e-10,1.7254166925735016e-10
-2.269953024746377e-10,-3.2676452211328676e-11,1.4718254525234355e-11
-1.3210988217868735e-11,-2.5057764673416043e-12,9.30871225395836e-13
-5.793785984693022e-13,-1.4337387687771094e-13,4.4211604058682836e-14
-1.9330298674750346e-14,-6.200688766202888e-15,1.5895291166093174e-15
-4.931373281542599e-16,-2.0447834763393162e-16,4.335589513301954e-17
-9.300290615685329e-18,-5.234969276697401e-18,8.373607411161068e-19
6.8469815531074316e-18,-1.3458457364412612e-18,-1.0059274253203025e-18
1.2330074051559058e-16,-1.837554711835867e-17,-1.5424887631496948e-17
1.8102693992878304e-15,-2.293211114202208e-16,-1.9759722390692302e-16
2.2469060854180592e-14,-2.4519842215810288e-15,-2.1702265548440737e-15
2.3864960401717687e-13,-2.2675253873050224e-14,-2.0638053615185738e-14
2.189562441707304e-12,-1.8269940380811672e-13,-1.7127087146002638e-13
1.747936580720695e-11,-1.2901741203837089e-12,-1.247858113856827e-12
1.221267037031843e-10,-8.025026026505925e-12,-8.018917749500306e-12
7.505323525459012e-10,-4.410093757706488e-11,-4.564810419339887e-11
4.069218361092154e-09,-2.1458184223066615e-10,-2.3092731381315945e-10
1.9505346122065924e-08,-9.281122930536788e-10,-1.0395477542785254e-09
8.302114348137577e-08,-3.5551520210365065e-09,-4.185450700416871e-09
3.1258839370108405e-07,-1.2180765341788254e-08,-1.5007940536411386e-08
1.0526143780232046e-06,-3.6763857957620545e-08,-4.849260214882086e-08
3.1232050825403626e-06,-1.0012829894821323e-07,-1.3909056607996854e-07
8.379535482043578e-06,-2.367742017522953e-07,-3.636236724430864e-07
1.960244388220979e-05,-5.12875316423603e-07,-8.352931098358489e-07
4.226641261000573e-05,-9.317246724420883e-07,-1.7828433568829442e-06
7.759237776148511e-05,-1.5920620657244219e-06,-3.2614413622684837e-06
0.00013577943011250636,-2.075829115702821e-06,-5.731176364099602e-06
0.00019097849263459283,-2.6992221275958884e-06,-8.12697544431153e-06
0.0002750804391549061,-1.6365214588055263e-06,-1.186464712735794e-05
0.0002604272442901751,-1.58070468852266e-06,-1.1490273884326446e-05
0.00034947162550069433,4.529621285461076e-06,-1.5249383564817151e-05
0.0,0.0,0.0
0.0,0.0,0.0
-1.7837311240909536e-05,5.09093398879633e-07,8.357130257821464e-07
-2.9168965964156973e-05,1.458091523470509e-07,1.3249445331880018e-06
-2.8744887880801983e-05,-2.26783730118965e-07,1.2627176704060398e-06
-1.9429314840536637e-05,-3.5174278842812693e-07,8.360047505358733e-07
-9.298896849762798e-06,-2.602731159261486e-07,4.0039313709397343e-07
-3.1626196012878348e-06,-1.2405439430525798e-07,1.3995534219746917e-07
-7.588699321490212e-07,-4.068404499875252e-08,3.54799896438003e-08
-1.282083052322877e-07,-9.349216012468764e-09,6.4644356171393815e-09
-1.5418131520196677e-08,-1.5194007357262995e-09,8.471652710451771e-10
-1.34363964102414e-09,-1.7705208965145388e-10,8.076896254768194e-11
-8.638845595167259e-11,-1.505026466883523e-11,5.69135176146783e-12
-4.15668357815679e-12,-9.487439206138357e-13,3.009805534906863e-13
-1.5103474542548417e-13,-4.4929129749736317e-14,1.2097627086283495e-14
-4.156354402143008e-15,-1.6112683187921358e-15,3.7290381067576503e-16
-8.073481990019146e-17,-4.4872885926170503e-17,8.073249108635273e-18
9.970631554817467e-17,-1.6353942952519044e-17,-1.2056244821697224e-17
1.5221933807492313e-15,-1.9802666875235408e-16,-1.6057978246901305e-16
1.9397663912819374e-14,-2.1754167159879098e-15,-1.8105722771696725e-15
2.1166528745624965e-13,-2.0690848931631603e-14,-1.768674127292103e-14
1.9969949099689016e-12,-1.7170352578535466e-13,-1.5087295489291149e-13
1.6416165105647297e-11,-1.250594393141382e-12,-1.131219226764352e-12
1.1826756155274763e-10,-8.030333851468138e-12,-7.494543834439714e-12
7.499916703761606e-10,-4.565000671613915e-11,-4.403573614658662e-11
4.20382240938276e-09,-2.3041981996195764e-10,-2.3024428798315299e-10
2.0890051464826724e-08,-1.0337038474284548e-09,-1.0747968258799447e-09
9.211385184561608e-08,-4.141104068291038e-09,-4.481013097823044e-09
3.622920585230645e-07,-1.4740410325472109e-08,-1.6783502925834586e-08
1.2646004548142918e-06,-4.7150796857001543e-08,-5.618232752331112e-08
3.9666492019252195e-06,-1.3328099879394178e-07,-1.7030062410267407e-07
1.0999801185805163e-05,-3.418389443591862e-07,-4.599017335482361e-07
2.7744107579890143e-05,-7.63329994502559e-07,-1.1388337214697357e-06
6.121484840730871e-05,-1.5727456548337498e-06,-2.4858729369508744e-06
0.00012547618413112388,-2.720049297083053e-06,-5.082188472799057e-06
0.00021943229027010335,-4.4726902814446095e-06,-8.918667210055094e-06
0.00036996658047470525,-5.581326950812476e-06,-1.5206699981838377e-05
0.0005006139172976942,-7.092056114815246e-06,-2.0875706742145166e-05
0.0007073221739953566,-3.988673881767591e-06,-3.0049618788652652e-05
0.0006482386843650932,-4.0067017841321615e-06,-2.839039517948731e-05
0.0008837417537565556,1.1999137379231653e-05,-3.806678860179233e-05
0.0,0.0,0.0
0.0,0.0,0.0
-4.656979551891358e-05,1.435717748440696e-06,2.1573578202285216e-06
-7.709199814025475e-05,4.661778487398951e-07,3.4459493956719072e-06
-7.854024884025853e-05,-5.729429419620897e-07,3.3637574735363634e-06
-5.599422659592709e-05,-9.798911278634648e-07,2.3206505413776722e-06
-2.8834049308232528e-05,-7.766001493640835e-07,1.1790769724013312e-06
-1.0768050579245108e-05,-4.001258304466247e-07,4.4547094668602095e-07
-2.888148059085837e-06,-1.439406067587283e-07,1.2434637398689804e-07
-5.50192601033106e-07,-3.678449466157941e-08,2.52781762207107e-08
-7.45637924748488e-08,-6.696282593660408e-09,3.7080054349754256e-09
-7.289359472815918e-09,-8.741503714797081e-10,3.9401477885254613e-10
-5.235016716403953e-10,-8.29737584456451e-11,3.070165010197965e-11
-2.809796344400896e-11,-5.82262799536789e-12,1.7783447568617511e-12
-1.1428796128684555e-12,-3.068083225548345e-13,7.741631511621548e-14
-3.557629802511345e-14,-1.2294016293429795e-14,2.5483677620801505e-15
-7.743538441712466e-16,-3.901791333951644e-16,5.4425702416110264e-17
1.1906124944049517e-15,-1.6998298593509438e-16,-1.2153056696749606e-16
1.577330867049071e-14,-1.8168756880873385e-15,-1.4194077605513687e-15
1.767235469358441e-13,-1.775546671049324e-14,-1.423400233012268e-14
1.7130457329454319e-12,-1.515143509459438e-13,-1.2475968386368784e-13
1.4477566283796615e-11,-1.136207723473102e-12,-9.617996757473393e-13
1.0735887760989315e-10,-7.526370267463536e-12,-6.555467497458259e-12
7.021151453239941e-10,-4.4194691024314436e-11,-3.968612525004885e-11
4.06343185195391e-09,-2.3077477015932486e-10,-2.1411460676196934e-10
2.0875343195649143e-08,-1.0748620272945297e-09,-1.032203392547842e-09
9.549933477327187e-08,-4.465350652056552e-09,-4.4620521254168165e-09
3.8898911850747647e-07,-1.663681839306093e-08,-1.728988896058217e-08
1.4192819817297243e-06,-5.5256466447951175e-08,-6.045235732292116e-08
4.610867567671561e-06,-1.6569788653982258e-07,-1.8957983975814722e-07
1.3525893554295345e-05,-4.404832642169418e-07,-5.410685507999386e-07
3.5197047674623576e-05,-1.0686613982188204e-06,-1.3804843235097827e-06
8.382555550827918e-05,-2.262745417882695e-06,-3.250310309119816e-06
0.00017514306036851905,-4.456230126954637e-06,-6.762126709693688e-06
0.0003429160597998853,-7.364519203580168e-06,-1.3293509031444277e-05
0.0005732450460872168,-1.171657422601897e-05,-2.242342773526991e-05
0.0009358929470423261,-1.4032871188976233e-05,-3.7251617136849456e-05
0.0012211899590513318,-1.7542185016776973e-05,-4.953012589457171e-05
0.0017015603493099989,-9.153533247114591e-06,-7.067319496540221e-05
0.001510297303237982,-9.694330594887046e-06,-6.504171473640464e-05
0.002101173770836451,2.983482090262753e-05,-8.88042800364668e-05
0.0,0.0,0.0
0.0,0.0,0.0
-0.00011315039396465072,3.7816014526273254e-06,5.303614247419204e-06
-0.00018905090180258735,1.3469041146241393e-06,8.492100073231507e-06
-0.00019813688728265998,-1.3522049470514683e-06,8.431254730146926e-06
-0.00014800214083259927,-2.5364253126858704e-06,6.012768627861461e-06
-8.132345083632694e-05,-2.1354527188951655e-06,3.2129360112990963e-06
-3.302695829860097e-05,-1.1787849917434683e-06,1.3002635414037373e-06
-9.8207981408046e-06,-4.608768155860008e-07,3.964434848412553e-07
-2.1022636074712802e-06,-1.2998758458085492e-07,8.965199106875623e-08
-3.207897819666163e-07,-2.6403562175633677e-08,1.4783200325273777e-08
-3.510292742118563e-08,-3.854355871780172e-09,1.76929765287079e-09
-2.796012953207033e-09,-4.072866960058479e-10,1.5502922228147106e-10
-1.6470653445134893e-10,-3.1572974948691394e-11,1.0093157713829442e-11
-7.266194468596605e-12,-1.820722760063065e-12,4.957738767942001e-13
-2.417926417796948e-13,-7.897039894624824e-14,1.8606160453219285e-14
-5.183721669944685e-15,-2.7120124286305773e-15,4.508440600388841e-16
1.1948150394346345e-14,-1.4874286195767588e-15,-1.032052062935424e-15
1.386669025016075e-13,-1.4307739645564298e-14,-1.0738379972809225e-14
1.3801635660111344e-12,-1.2551293403278112e-13,-9.658108032562912e-14
1.1988200992755881e-11,-9.68253763562505e-13,-7.648539353996529e-13
9.143098890114256e-11,-6.6024085805935766e-12,-5.362452888982254e-12
6.153175166782933e-10,-3.997491720865629e-11,-3.342245372627001e-11
3.670254330543451e-09,-2.1558947035718514e-10,-1.858848192375502e-10
1.94643966625012e-08,-1.0381672712549852e-09,-9.253985003112639e-10
9.198751635490067e-08,-4.478357335856057e-09,-4.132017272504461e-09
3.8873465487592673e-07,-1.7291389412703285e-08,-1.661226433663498e-08
1.46762150672263e-06,-6.013140926359929e-08,-6.008112337057514e-08
4.984297021809209e-06,-1.8703036113374805e-07,-1.96935675180328e-07
1.5122191280454712e-05,-5.27766990524358e-07,-5.810972076160938e-07
4.163603594785707e-05,-1.324185484529773e-06,-1.5687100561859864e-06
0.00010200845010440725,-3.0510807174332448e-06,-3.7984362981987987e-06
0.00023026530137087076,-6.14497247190175e-06,-8.545977882472636e-06
0.00045682252259839144,-1.1615944760819483e-05,-1.702097447946404e-05
0.0008575593963046347,-1.838135191689234e-05,-3.235032745351862e-05
0.001372074033888471,-2.843080194218905e-05,-5.2667384537931244e-05
0.0021778208286147467,-3.268803878437904e-05,-8.575382263297906e-05
0.0027377564319483586,-4.0513811082557396e-05,-0.00011083064822547421
0.0037833384663338355,-1.950836310973947e-05,-0.00015764305378028904
0.0032376508282764894,-2.243142294294209e-05,-0.0001417842288598898
0.004648205876079506,6.88099097392333e-05,-0.00019717657896250752
0.0,0.0,0.0
0.0,0.0,0.0
-0.00026165081995310996,9.441210481228773e-06,1.2131382023715413e-05
-0.0004389538568354365,3.576826666037112e-06,1.940439815748853e-05
-0.00046991338720790395,-3.052723951737297e-06,1.9498916768331038e-05
-0.00036478780382154,-6.198218358342843e-06,1.4287887511399051e-05
-0.00021200578351400262,-5.489105249357068e-06,7.970844755216555e-06
-9.274964674002682e-05,-3.216618348863937e-06,3.424944501903471e-06
-3.0307533287588405e-05,-1.3545521579941097e-06,1.128790771225306e-06
-7.266663582013262e-06,-4.184447791105611e-07,2.811266313022114e-07
-1.2545344593973772e-06,-9.457897572383246e-08,5.175559376850349e-08
-1.5539422376669014e-07,-1.5502321176411957e-08,6.929907599759239e-09
-1.3967724713786123e-08,-1.8421779552599796e-09,6.745248526144528e-10
-9.270635204081694e-10,-1.6035577805445196e-10,4.819348920920736e-11
-4.622455198397234e-11,-1.038106153032285e-11,2.5579917877224396e-12
-1.7557290923560408e-12,-5.073187034193417e-13,1.0177965899577246e-13
-4.2697833496676913e-14,-1.973004604130053e-14,2.338998365841869e-15
1.0095050983707654e-13,-1.106086141053386e-14,-7.511877050598937e-15
1.0425652075903748e-12,-9.706755834253168e-14,-6.995142336616796e-14
9.295058679724448e-12,-7.715726765290874e-13,-5.684323668511828e-13
7.284732501954249e-11,-5.417087813994313e-12,-4.090842080925345e-12
5.045105982180316e-10,-3.379350916873494e-11,-2.620076896594178e-11
3.09958911892701e-09,-1.8804843827041344e-10,-1.4989752368385197e-10
1.6953128136741873e-08,-9.3617043926344e-10,-7.685433720524207e-10
8.278697762183223e-08,-4.176906925075535e-09,-3.5421358839766888e-09
3.615352749261941e-07,-1.6761727565202987e-08,-1.4697496147843045e-08
1.4173444004080519e-06,-6.04144564511989e-08,-5.513670719075082e-08
4.980691444438268e-06,-1.9696022893828075e-07,-1.8674610032100933e-07
1.581233636340895e-05,-5.762725504671962e-07,-5.758233300565276e-07
4.4998987508058044e-05,-1.5374722684731377e-06,-1.6038951067050997e-06
0.00011683525817242847,-3.657822366975947e-06,-4.1095163628177816e-06
0.0002707410722947925,-8.045929311316981e-06,-9.469229084668109e-06
0.0005822809257768844,-1.548528410702347e-05,-2.0423418110970695e-05
0.0011017813680487295,-2.826058161837688e-05,-3.899765770986539e-05
0.001994526456404975,-4.301093704477512e-05,-7.18799680975839e-05
0.003066875574783322,-6.51200838215444e-05,-0.00011287192167166437
0.004763416522057056,-7.219619521921461e-05,-0.0001808035515747431
0.005789743359936721,-8.943206495026372e-05,-0.00022633789715423167
0.007986449498561005,-4.0133657029387185e-05,-0.00032312074352350864
0.006609074619148147,-5.007170213413388e-05,-0.0002820202270292175
0.009796193577760053,0.00015080899181063264,-0.0004053442460916013
0.0,0.0,0.0
0.0,0.0,0.0
-0.0005565356491617698,2.1907536509784196e-05,2.7158737905506982e-05
-0.0009361324078768617,8.663405048471416e-06,4.305328182371031e-05
-0.0010212935379850946,-6.470260498514452e-06,4.3345122335042364e-05
-0.0008208112650858242,-1.4064530425206448e-05,3.2293911791967406e-05
-0.000501644243974016,-1.2998395607151032e-05,1.8616934639313896e-05
-0.0002345470376491794,-8.02083889649805e-06,8.409203955529676e-06
-8.335079788061476e-05,-3.6046946725673432e-06,2.967525006377306e-06
-2.215372330863443e-05,-1.2070227417216543e-06,8.075237553981064e-07
-4.299880535728739e-06,-3.006002635309168e-07,1.6582239487957753e-07
-5.993137253093441e-07,-5.493540229084427e-08,2.5092821383388696e-08
-6.008971498714932e-08,-7.288978305239184e-09,2.772865364864699e-09
-4.389126357771553e-09,-7.035173343976665e-10,2.2533972022738708e-10
-2.3692592883154374e-10,-4.988993093211642e-11,1.3667361767576003e-11
-9.552942606286326e-12,-2.6121218101432435e-12,6.279647373501822e-13
-2.1975515194582896e-13,-8.950217031539686e-14,1.7194536163576583e-14
7.305338365566276e-13,-5.127647219198142e-14,-4.658120978472271e-14
6.744899477258098e-12,-5.527268512865426e-13,-3.934743952641472e-13
5.4261638266130774e-11,-4.123902213432347e-12,-2.9089479903746438e-12
3.858911953749096e-10,-2.6578088984493248e-11,-1.9151324145975728e-11
2.4374035255274986e-09,-1.5238658880535134e-10,-1.1273733712632843e-10
1.37211406728394e-08,-7.822950189166994e-10,-5.953405923452477e-10
6.904756326155913e-08,-3.6078053292655028e-09,-2.8282355625603968e-09
3.1148778041150627e-07,-1.4967097545555673e-08,-1.2125305946661559e-08
1.2610991249498734e-06,-5.607290613979685e-08,-4.697187360945219e-08
4.601564218970278e-06,-1.8933997107080997e-07,-1.6519425280561656e-07
1.51015182478315e-05,-5.808180095534134e-07,-5.264948412577191e-07
4.497153663211488e-05,-1.6041793450046085e-06,-1.534904970310784e-06
0.00012042968285861199,-4.0614600058692e-06,-4.056884266014195e-06
0.00029586451092391837,-9.189519500417408e-06,-9.921850819584967e-06
0.0006500328601569922,-1.936498286869517e-05,-2.1878862101969368e-05
0.0013359548278969382,-3.5673403523597006e-05,-4.5533047713625354e-05
0.0024123458998431767,-6.307250333344958e-05,-8.386804809598067e-05
0.004222081317299605,-9.22556513744047e-05,-0.00015108071916625354
0.006223095909167334,-0.00013735444216842778,-0.00023042944629907516
0.009488099035339802,-0.00014615428041842555,-0.00036635912872344826
0.011069772851623947,-0.00018283322934401793,-0.0004479389042768165
0.015356469162619887,-7.527219088983243e-05,-0.0006461411105406398
0.01210613130692972,-0.00010692509032222123,-0.000553451123665232
0.018947992182962083,0.00030171667722093644,-0.000814627729382869
0.0,0.0,0.0
0.0,0.0,0.0
-0.0011683796753785074,4.925207430376507e-05,5.519171966613624e-05
-0.0019519609448426598,1.9616574732235636e-05,8.641416081939494e-05
-0.002143685863934308,-1.3817133498952258e-05,8.693116687336213e-05
-0.0017621315126274246,-3.092652734108929e-05,6.567259192865169e-05
-0.0011196416064041008,-2.937381127503371e-05,3.897334434151602e-05
-0.0005534594940488849,-1.8866026474908988e-05,1.839836223744668e-05
-0.0002116841024589872,-8.95623116724607e-06,6.893930000266278e-06
-6.17879301043149e-05,-3.2201461524909644e-06,2.0260155185603317e-06
-1.3457577052489134e-05,-8.770086558394625e-07,4.577237817957772e-07
-2.1322825404855054e-06,-1.7855059533948774e-07,7.728853388695483e-08
-2.438178242080177e-07,-2.6708404210006566e-08,9.527899005645518e-09
-2.0320205834124114e-08,-2.9182983717293192e-09,8.533179330443048e-10
-1.2560960872652871e-09,-2.3383740758952247e-10,5.594278571520697e-11
-5.856876186468038e-11,-1.2902076503955912e-11,2.711180593867504e-12
-1.607787307323928e-12,5.611334376998036e-13,6.879413708482665e-14
4.502161501810733e-12,8.336796380377595e-13,-2.5001795470288085e-13
3.766191164748033e-11,-1.7040249080563662e-12,-1.9138946681272313e-12
2.7530809602080705e-10,-1.8274012996363868e-11,-1.291966743615476e-11
1.788638066090626e-09,-1.1399006751906041e-10,-7.804743631541074e-11
1.0367600843783225e-08,-6.08727367936873e-10,-4.234780818543067e-10
5.377820441569855e-08,-2.9022912542676323e-09,-2.070157341853736e-09
2.502671210367369e-07,-1.246488038403258e-08,-9.13988001538495e-09
1.048016674348153e-06,-4.831928956073902e-08,-3.6563886564285825e-08
3.9523361637094674e-06,-1.698294189934047e-07,-1.3266182019500923e-07
1.348739746153128e-05,-5.399361684952643e-07,-4.387909474841598e-07
4.154375323959357e-05,-1.566669689789806e-06,-1.3199564195461614e-06
0.00011666490395809904,-4.106660714564719e-06,-3.649087715641874e-06
0.0002955942250652184,-9.92441686181309e-06,-9.17260916516826e-06
0.0006913024012898194,-2.1479799105365713e-05,-2.1461625237413445e-05
0.0014485863232563468,-4.3657126309458687e-05,-4.5312763258319777e-05
0.00286522626709,-7.747447703597876e-05,-9.111651980202289e-05
0.004969866744135069,-0.00013380827715091164,-0.00016147770360033708
0.008484011887880168,-0.000189572446863851,-0.0002845654665771423
0.012081837307072357,-0.00028039859521101655,-0.0004183932217502637
0.018275066010954962,-0.00028970648525660403,-0.0006620902152334766
0.0206807957741028,-0.0003692207374611423,-0.0007790540883614754
0.029084924636459678,-0.00014588333521212132,-0.0011482232082666596
0.02220063120492903,-0.00022439923262098434,-0.0009425304719933613
0.03615456780660777,0.0005924585940401872,-0.001469400268779811
0.0,0.0,0.0
0.0,0.0,0.0
-0.0021638259426115546,0.00010070395475778504,0.00011718902674514933
-0.0035981781617103383,4.000937577036722e-05,0.00017861537799138282
-0.0039972905213099185,-2.7227152893536287e-05,0.00017618212542043954
-0.003373183461439665,-6.20227144808556e-05,0.0001324182032763172
-0.0022301754924980988,-6.0272567051202626e-05,7.952034631864544e-05
-0.0011620602048899792,-4.01001983146291e-05,3.8656362853788815e-05
-0.00047515121301460557,-1.9976988122126514e-05,1.5186007665862685e-05
-0.00015060149563451893,-7.643175447926076e-06,4.77008245827746e-06
-3.628895391147498e-05,-2.2492736371093462e-06,1.176896308031315e-06
-6.456489692935679e-06,-5.030776628085575e-07,2.224002092995251e-07
-8.279990565771631e-07,-8.367057142431486e-08,3.124034739524619e-08
-7.633429123791362e-08,-1.0121850706349321e-08,3.219247402869049e-09
-5.1127586514151555e-09,-8.468738352523384e-10,2.448445025369441e-10
-2.518344751632272e-10,-4.863265256832195e-12,1.3933616607046218e-11
-6.389856506136469e-12,5.05721474125672e-11,4.5431332413867316e-13
2.4009009790319195e-11,5.158888285405112e-11,-1.1479588229364146e-12
1.8181050961865323e-10,4.040047179873104e-11,-8.099847000633438e-12
1.211967730716022e-09,-2.6634595729133142e-11,-5.0298693871240994e-11
7.2150246299128535e-09,-3.8351365527016985e-10,-2.806710193614066e-10
3.8489940606478644e-08,-2.0908736462025926e-09,-1.412087348375216e-09
1.8452256489394848e-07,-9.445074104193192e-09,-6.425249194889279e-09
7.966518204953033e-07,-3.804791170181478e-08,-2.650372530483783e-08
3.1070150057747156e-06,-1.3843541485441188e-07,-9.945942233524454e-08
1.0951523514863976e-05,-4.582463439739963e-07,-3.3983087060908765e-07
3.5071196499350445e-05,-1.376580945568287e-06,-1.0632624823508666e-06
0.00010170995626545105,-3.791061142259993e-06,-3.037525580854713e-06
0.00027017415644514225,-9.456778406345802e-06,-8.016665418410191e-06
0.0006490302224405182,-2.187394374109965e-05,-1.9302720584629772e-05
0.0014478957403421403,-4.532961995406521e-05,-4.35597824573659e-05
0.0028926177955446216,-8.901982721907638e-05,-8.883699274775945e-05
0.005509568424826278,-0.0001518383160130957,-0.0001744076352090774
0.009135184351356032,-0.00025652147751101186,-0.000300872061755854
0.015202819699508598,-0.00034917153231695826,-0.000525698363210841
0.020650779403581426,-0.0005148794672996953,-0.0007575400097637367
0.0310243708316211,-0.0005068184932735338,-0.0012108250069442703
0.033184728639786894,-0.0006689861942729592,-0.0014053640073464664
0.04794874684200816,-0.00023939694804528847,-0.0021276028182054523
0.0337548882196796,-0.0004420611608640983,-0.0017385193280263752
0.060563387019265086,0.0010103276280744398,-0.0027682031128417033
0.0,0.0,0.0
0.0,0.0,0.0
-0.004349924687604615,0.0002098839182085502,0.00021061681838335295
-0.007050494628122959,7.757247435305493e-05,0.00031084154520590436
-0.007699748184124972,-6.005809930959774e-05,0.00030151292398477463
-0.006492561024292112,-0.00012758792794178065,0.0002269597774441296
-0.004367710613281339,-0.00012313385683376715,0.00013874384065400136
-0.002356415484413048,-8.319857238031547e-05,6.965035396639272e-05
-0.0010149400712164659,-4.284072359329557e-05,2.863777174265635e-05
-0.00034517645168042905,-1.722746828278933e-05,9.549476455480314e-06
-9.112198869958189e-05,-5.422901163294671e-06,2.5396742156535746e-06
-1.8220881078471807e-05,-1.3224167458906965e-06,5.26449643699676e-07
-2.674518127001919e-06,-2.44099551651373e-07,8.229324130941144e-08
-2.847000717384266e-07,-3.212398666820585e-08,9.393870028408303e-09
-2.2176429158525922e-08,-1.6493365948446533e-09,7.751133755573059e-10
-1.28483933312179e-09,1.5325223333550649e-09,4.642212775674129e-11
-4.205558847224325e-11,1.7752941570817983e-09,1.4025067875619725e-12
1.095954854553424e-10,1.7820941183876756e-09,-4.539620826648282e-12
7.642171010013347e-10,1.7389598391200757e-09,-2.9297411902340967e-11
4.681444583760004e-09,1.4989694137334054e-09,-1.676606856318774e-10
2.5712694165475604e-08,3.140358771569818e-10,-8.661305201771668e-10
1.2702211360974487e-07,-4.963490943742553e-09,-4.051313509362616e-09
5.660072542936966e-07,-2.620411460751784e-08,-1.7209196757930238e-08
2.2795928717576555e-06,-1.0370923889461855e-07,-6.652649081275289e-08
8.326484192477777e-06,-3.5985662000628225e-07,-2.3490503356855132e-07
2.7590759844048282e-05,-1.1318426622736508e-06,-7.579674727290522e-07
8.343186506334632e-05,-3.235841048529241e-06,-2.2489255912526013e-06
0.00022932273285286415,-8.518282721107393e-06,-6.111400562144509e-06
0.0005803814245991499,-2.0370065466165065e-05,-1.5415329124484282e-05
0.001332139425617993,-4.54657426826775e-05,-3.552731319442562e-05
0.002860073130234504,-9.101227785383098e-05,-7.725564902050474e-05
0.00550033586049108,-0.00017450318887555236,-0.0001514295040711678
0.01020846325445835,-0.000289507790467607,-0.0002893529390387814
0.016398597109980432,-0.00048509729587026674,-0.00047983405970832
0.02703969743634158,-0.0006462393418592581,-0.0008281589166918013
0.03578034290664518,-0.0009655224538267068,-0.0011399278778913976
0.05440816731551852,-0.0009375354378219039,-0.0018443197675686235
0.0570132425897835,-0.0012860434852415587,-0.0020158139997458213
0.08508942303065266,-0.0004807415596896983,-0.003217984118369999
0.059077479463900476,-0.0008977805674412376,-0.0024357484912083953
0.10933070986059448,0.001839414176983524,-0.004309799414047023
0.0,0.0,0.0
0.0,0.0,0.0
-0.006850186759289469,0.0003736146452508156,0.00045467821075303294
-0.01092535412852015,0.00012843833372211437,0.0006352441240381913
-0.01202768453712097,-0.00011118637442767925,0.0005845697034634359
-0.010399220078513268,-0.00022474874916930709,0.00042359430463851267
-0.0072551120211980956,-0.00021753472810803683,0.00025422320111314256
-0.004096823021153445,-0.0001501590379000747,0.0001279085442460251
-0.0018635890544203468,-8.003065296883995e-05,5.3784472345160014e-05
-0.0006769432454119113,-3.369405427610899e-05,1.8708377535403165e-05
-0.00019339260612815908,-1.1225079242938768e-05,5.301952156681547e-06
-4.25619699790628e-05,-2.9132370402382894e-06,1.1987862490570988e-06
-6.985042186274021e-06,-5.535047150492966e-07,2.1064650581561774e-07
-8.270956607147406e-07,-4.441834673881865e-08,2.7752034577791574e-08
-7.008719207385172e-08,3.7027310261245975e-08,2.6939175462937666e-09
-4.279899777923237e-09,4.644305786847293e-08,1.9326357653676128e-10
-1.2966061732061284e-10,4.722124240159373e-08,8.012532809662877e-12
4.312044259211517e-10,4.724252096696614e-08,-1.5437395206036172e-11
2.7485757921344123e-09,4.7098911409989263e-08,-9.330558670178489e-11
1.5505476022725727e-08,4.635816430021108e-08,-4.957267359674531e-10
7.878589955780046e-08,4.295446553214893e-08,-2.3862542784757482e-09
3.6157063142734743e-07,2.8787692163158948e-08,-1.044014030362764e-08
1.5028390730971771e-06,-2.4698619186547568e-08,-4.16490256981321e-08
5.6671502334519996e-06,-2.0852211547240363e-07,-1.5182805239566222e-07
1.945772276814595e-05,-7.82654759727352e-07,-5.077896047839002e-07
6.081599583100822e-05,-2.425045244009999e-06,-1.558555239499318e-06
0.00017416502469326113,-6.682792268515658e-06,-4.420298454828393e-06
0.00045456338512582495,-1.6910242402288643e-05,-1.1528823257515082e-05
0.0010974223162675688,-3.882546656666826e-05,-2.807560591516167e-05
0.002403789830352523,-8.366703276538232e-05,-6.266899258693459e-05
0.0049591851523546485,-0.00016118456047151553,-0.0001331222573263169
0.009116370941985714,-0.0003010698538324436,-0.0002550680422021859
0.01640575884898389,-0.0004801956332138668,-0.0004834093831475019
0.02506882646378778,-0.0007952803625586504,-0.0007911106327357527
0.040666421414561796,-0.0010092205178878957,-0.0013814605184844489
0.0503522746956277,-0.0015309915107850577,-0.0018968749788769417
0.07742704117041763,-0.0013826875181831735,-0.003171555601271192
0.07331596255041964,-0.002042733966074023,-0.003510331668572289
0.11725528467579252,-0.0006634666706043056,-0.005837475118886506
0.06866025517950064,-0.0016035340686024963,-0.0045850612565458025
0.15401242429573492,0.0025376697569407178,-0.008111440766202203
0.0,0.0,0.0
0.0,0.0,0.0
-0.014586984260754303,0.0007583845733042482,0.0007127916124931821
-0.02194848086485444,0.0002020978906012241,0.0009230631839437101
-0.022759057830887042,-0.00027106897109712964,0.000814554410031884
-0.018876740426322498,-0.00045695924715546314,0.000584327548328365
-0.012946629175780811,-0.0004178305015567642,0.0003549102895333274
-0.007355211992910892,-0.00028264796489336716,0.00018337804482770887
-0.003435964553169397,-0.0001510515485033582,8.008177246749918e-05
-0.0013057873734638528,-6.472061352041026e-05,2.922602992268581e-05
-0.0003982977807761054,-2.1943104411203828e-05,8.78911911081835e-06
-9.563717265319645e-05,-5.42433166831525e-06,2.13590443716719e-06
-1.7658832249041133e-05,-4.2574265837358225e-07,4.0916848306235153e-07
-2.4174223905092553e-06,7.493145757388189e-07,5.962487514793395e-08
-2.4138620055569946e-07,9.60183047075231e-07,6.322050815262881e-09
-1.7680841346088074e-08,9.8823777227971e-07,4.783753032436746e-10
-7.378859128382858e-10,9.90957748160953e-07,1.8686919547070226e-11
1.4637765861772026e-09,9.910719309770372e-07,-4.3993491764513274e-11
8.734326557150223e-09,9.90649825488781e-07,-2.4527882581392436e-10
4.572932318108275e-08,9.885971757825707e-07,-1.2124207728344973e-09
2.1643722365937776e-07,9.797607777344877e-07,-5.453848761690789e-09
9.287631332887558e-07,9.451648947816906e-07,-2.2389584332489016e-08
3.6242005550149924e-06,8.217991378755774e-07,-8.414597590414506e-08
1.2882972319277826e-05,4.19541376195215e-07,-2.9005103848214993e-07
4.187926427417236e-05,-7.771925022091456e-07,-9.207633491275979e-07
0.00012443791527241824,-4.0549598139112465e-06,-2.6908128199119755e-06
0.0003404110706669029,-1.2216715998283208e-05,-7.29392440103668e-06
0.000851759703978172,-3.1184192656883554e-05,-1.821638941142281e-05
0.001983017634900353,-7.052082282634457e-05,-4.2679316820796285e-05
0.004198106851568333,-0.0001495229469643833,-9.155075051790764e-05
0.008447629822035533,-0.00028242177988548945,-0.00018848844720704896
0.015126798503463653,-0.0005238006777169373,-0.0003468773578630262
0.026972287346057278,-0.000824560454198111,-0.0006444055301945752
0.04046923723880225,-0.0013821583371639516,-0.001003896637519313
0.06651744570004064,-0.0017510151217826181,-0.0017560466489610262
0.0817552438316725,-0.002754607821388527,-0.002240945656662361
0.13062364109389255,-0.0025500332363245313,-0.003917471049779247
0.12544436342276286,-0.003951195844131587,-0.003862053167892284
0.209650078103605,-0.0015645820013383833,-0.007240604470046481
0.13059926350165632,-0.0033248828748381376,-0.004864809607161435
0.28525589836831766,0.0045854113116358735,-0.010555681672945294
0.0,0.0,0.0
0.0,0.0,0.0
-0.018574847065204472,0.0011427806041362093,0.0017096750315329923
-0.026665452705150777,0.00023209923579639948,0.0020269833935078673
-0.02797710597154799,-0.00043441715840912977,0.0016245995760073104
-0.024146868122404776,-0.0006680011939157645,0.0010683974755500776
-0.017380119417598476,-0.000602048259921425,0.0006078418519805593
-0.010377482293189966,-0.00040854856118091836,0.0003021563918000008
-0.005104329072961733,-0.00021774251813106506,0.00013033375404162816
-0.002050187083630548,-8.854603945476918e-05,4.816235679545882e-05
-0.0006657006893199537,-2.187436930909957e-05,1.5002344223796683e-05
-0.00017194473839529236,5.147688676330731e-06,3.871805597235635e-06
-3.457427125632346e-05,1.381110004790839e-05,8.084344178557681e-07
-5.240288647187289e-06,1.5993620795324632e-05,1.3327872322416355e-07
-5.722533052204424e-07,1.6418766535019006e-05,1.6653100033838145e-08
-4.422257269307043e-08,1.6481025431972863e-05,1.538245476024748e-09
-1.7376471301246401e-09,1.6487584612496593e-05,8.537490001502542e-11
4.185949914356448e-09,1.6487864294244162e-05,-1.0846430776685691e-10
2.306450194592247e-08,1.648681622367815e-05,-5.786277875960342e-10
1.1246316949608896e-07,1.6482035336676675e-05,-2.679714113926343e-09
4.979673318273696e-07,1.6462663057500984e-05,-1.1337562648002424e-08
2.007343338860298e-06,1.6390981378208198e-05,-4.396628183484069e-08
7.387799267614329e-06,1.6148525970327752e-05,-1.5679983942877684e-07
2.4858494449725007e-05,1.539574740099372e-05,-5.152486458162283e-07
7.677366393109079e-05,1.3257473225828246e-05,-1.5668857074435654e-06
0.00021733822668731331,7.642692526544735e-06,-4.406907003849613e-06
0.0005684515391676885,-5.767443091470586e-06,-1.1559599011225593e-05
0.0013614171359642327,-3.585463495102981e-05,-2.806337857020705e-05
0.0030471410336252447,-9.571862768327669e-05,-6.436795759840651e-05
0.006183228312882697,-0.0002130344957140351,-0.00013569994064944828
0.012030320604689405,-0.00040006829654829173,-0.00027760419911993054
0.02054223900244804,-0.0007405420417967217,-0.0005085668824312642
0.035749095574922646,-0.0011207644356392916,-0.0009576197419587213
0.05016123569662197,-0.0018904653854446211,-0.0015097406185375477
0.08221507048063238,-0.0022298012160122016,-0.0027399080362270987
0.08995697557331923,-0.0036759026935918285,-0.0036287435236092755
0.1509782197495057,-0.0029874389486459394,-0.006678615176353298
0.11632604152266453,-0.005350004326965822,-0.007130057368580006
0.23089840565564268,-0.0016721199077784168,-0.013787662786033928
0.09393867476901886,-0.005192923877143316,-0.010613586689895815
0.31844688549654515,0.0044473231819194105,-0.02179596773711498
0.0,0.0,0.0
0.0,0.0,0.0
-0.04835190747576392,0.0025433858754917785,0.0023066797207163957
-0.06271372342335513,0.0002871061891001952,0.002280275527207128
-0.05792524682120035,-0.0010182147391790046,0.001656914881038965
-0.04476131319132167,-0.001258945605469872,0.0010582719179655915
-0.029894201775113986,-0.0009690385795375275,0.0006083514015657868
-0.017179217904917332,-0.0005450807558937634,0.00031153220590238835
-0.008375087015322602,-0.00018995447816964422,0.00013980474211196326
-0.0034175351327846086,3.5045373930941536e-05,5.410014415271914e-05
-0.0011502611850010005,0.00014886586071504777,1.7767445677939907e-05
-0.0003151530357229357,0.00019548186075448067,4.867329799805005e-06
-6.879718361464822e-05,0.00021093596450183716,1.0904594485494532e-06
-1.1734767475765724e-05,0.00021505779092066332,1.9407687443038818e-07
-1.5044025448921646e-06,0.0002159287034996854,2.6574192400376498e-08
-1.4164334962110648e-07,0.00021607193130708397,2.6141252344587608e-09
-7.905027556554685e-09,0.0002160895723226754,1.398766025785692e-10
1.0453536873574854e-08,0.000216090669216595,-2.0878026333291464e-10
5.5153961956797e-08,0.0002160883398785601,-1.0353068259837918e-09
2.524077253714709e-07,0.00021607809961399766,-4.5060858040989695e-09
1.0531792279490994e-06,0.0002160387358931397,-1.7988972732268156e-08
4.018291267796855e-06,0.00021589996555577512,-6.605792345954902e-08
1.406158339691988e-05,0.00021545078438312733,-2.2383450748994297e-07
4.518821904031484e-05,0.00021410973912800504,-7.008127423349755e-07
0.00013391153476261886,0.0002104314836931264,-2.03658858152577e-06
0.00036527725900720355,0.0002010528108048454,-5.483442931457391e-06
0.0009252546140697544,0.00017922770905803438,-1.3812208647666372e-05
0.002153998219179672,0.00013110938621116957,-3.218900719745445e-05
0.00471801972116119,3.694710935181582e-05,-7.124928126085877e-05
0.009391943020177868,-0.00014764925184079428,-0.00014407719405918034
0.018130837083509033,-0.00044016633681170036,-0.0002866808554977822
0.03069732389825605,-0.000988673493277509,-0.0004994039834765459
0.054085469177873,-0.0016105418791835357,-0.0009315210948089357
0.07643052585883488,-0.002949203923340167,-0.0013597392468219368
0.13021065123845094,-0.003654600480378863,-0.0025542338806014676
0.1482020400240065,-0.006477713582004068,-0.0029483929367768425
0.2628541780453068,-0.00583533807594473,-0.006149639174621696
0.22779434310958088,-0.010845201817802255,-0.005189337237539379
0.4562066256553965,-0.004882029304583504,-0.013172969670275089
0.2504240345154256,-0.011756834702009642,-0.007525178102085709
0.6848501678110179,0.009190307421310166,-0.022824946564041916
0.0,0.0,0.0
0.0,0.0,0.0
-0.04700595858201033,0.004313473248904306,0.006532497679602286
-0.052378485610524675,0.0015871442675458249,0.005830776129940781
-0.04942305804429201,0.0005073224425349797,0.0037111819242860947
-0.04150999264729894,0.00046490317138104327,0.0020500753818353547
-0.030203457376125023,0.0008347825912542667,0.0010333705526958418
-0.01865777365942457,0.001306963812670803,0.0004780379442172006
-0.00966614550238103,0.0017090698286508132,0.0002007326240136195
-0.004162517068956755,0.001973732144980736,7.514597623509865e-05
-0.0014777777334523358,0.0021132324340596,2.4635631845240297e-05
-0.00042745912448052153,0.0021728173372024475,6.928854602082784e-06
-9.94196411564356e-05,0.002193486191475274,1.6426696295791749e-06
-1.8109435658774334e-05,0.0021992784196692827,3.1982141457666554e-07
-2.5216854525898747e-06,0.0022005760415287835,5.000997637381402e-08
-2.510840367652997e-07,0.002200803335295241,6.017577147023087e-09
-1.3410711575687143e-08,0.0022008335064580458,4.638538710586635e-10
2.08894249361536e-08,0.002200835433950836,-3.471434489510435e-10
1.0298478507203247e-07,0.0022008312640252117,-1.7135555358628578e-09
4.4543426976827795e-07,0.0022008138279720458,-7.0608977400699375e-09
1.7639606307783823e-06,0.0022007498624476134,-2.6800800035252107e-08
6.410928788540831e-06,0.0022005339057590565,-9.405544575948537e-08
2.144229164353819e-05,0.002199862606560725,-3.062249745695278e-07
6.603810745387019e-05,0.0021979320406586345,-9.263206002615237e-07
0.0001880638696605816,0.002192824529901038,-2.6161839983471787e-06
0.0004936398885728145,0.002180218540422664,-6.887301960421123e-06
0.0012063481546690734,0.002151883170145199,-1.7081184459281374e-05
0.0027057424452680864,0.0020910758046772068,-3.9468200566908346e-05
0.005734546279055399,0.0019767877578103213,-8.739419154907616e-05
0.010953050117893028,0.001755984178406531,-0.0001782907199193557
0.020543959505536467,0.0014291828436871332,-0.00036191913719286844
0.0328302446981618,0.0007994084228418192,-0.0006510692828785048
0.056912474674993344,0.0002042236479252868,-0.001264879656111539
0.07241083600268126,-0.0013272323216227204,-0.0019759805389714725
0.12647755356873905,-0.0016304198511574398,-0.003904204806342365
0.11468822809502825,-0.005081835640683408,-0.0051353512822692685
0.23451964543516174,-0.0030319787312563314,-0.010983778231241593
0.11998096593362319,-0.010179298346836299,-0.011703377013423076
0.3773526598360635,-0.0018989539787609218,-0.02805581091127041
0.05151946209375006,-0.013773712073634512,-0.022228274896523285
0.5500483961106952,0.00508124216254166,-0.05745260606980235
0.0,0.0,0.0
0.0,0.0,0.0
-0.16975011310853183,0.018744198961571975,0.007056309154052148
-0.1678263590707049,0.01326219984664392,0.0042039296873980034
-0.12847027929915444,0.011891334713943599,0.0020360343200169265
-0.08764588508194122,0.012865846203651589,0.0009658715064091959
-0.05445214476286122,0.014274839064121013,0.0004547019030481648
-0.030334366790420803,0.015440760022016182,0.00020837560571175875
-0.014825361179210506,0.016226545834249317,9.048975189448054e-05
-0.0062254131159574025,0.01667870994597728,3.623238578080005e-05
-0.0022136912376998588,0.01690054643481848,1.2930296834871102e-05
-0.0006561147792977277,0.016992430001567877,4.020984498862921e-06
-0.00016016064182839996,0.017024279668977342,1.052037656584562e-06
-3.155709813956941e-05,0.017033420443171916,2.2884686359811894e-07
-4.930594923094932e-06,0.0170355706666911,3.9222254868716084e-08
-5.908802253469153e-07,0.017035978215396146,5.258887980511696e-09
-4.4867430200430957e-08,0.017036039044419988,4.111420725999997e-10
3.714866149334652e-08,0.017036044329771707,-3.387503769384068e-10
1.8238106600577957e-07,0.01703603746711609,-1.5479119019487745e-09
7.522697224869564e-07,0.01703600886587876,-5.9669632790510484e-09
2.8533303176702055e-06,0.01703590764291174,-2.119665508553172e-08
9.981582716027821e-06,0.01703557661303019,-6.958271119500965e-08
3.229251048676616e-05,0.017034575148485796,-2.1174554989468874e-07
9.666095466236525e-05,0.017031758097861796,-5.974596871244092e-07
0.00026885922119816014,0.01702443360450162,-1.5724052299987041e-06
0.0006925477350520165,0.017006563372251888,-3.841383299670366e-06
0.001669954056151096,0.016966653482904347,-8.858225571128352e-06
0.0037143946750592713,0.016880872518196838,-1.8853701938524955e-05
0.007862007088362297,0.01671836018459795,-3.906719998502856e-05
0.01508608461373956,0.01639835785140117,-7.256066576887002e-05
0.028706007634925597,0.01590827824057994,-0.00014283029242651265
0.04699176118138919,0.014930552569873726,-0.0002277295810659333
0.08424048864625547,0.013889540151367659,-0.00047453335098371065
0.11405466160384756,0.01123869875948854,-0.0006133295231225847
0.20848116903880234,0.010024834170745628,-0.0015651236436755801
0.22096045629622033,0.0032846119981303308,-0.0015007214998118273
0.4559230530402328,0.004485666277684907,-0.005195213474064797
0.35061541120282735,-0.011044517617323023,-0.0036075185340839703
0.9083066921615294,0.0013484803193933555,-0.0166551609529699
0.4185821858210617,-0.02725818045449402,-0.009589235534182247
1.636505037889553,0.024729493288050946,-0.044528699015865
0.0,0.0,0.0
0.0,0.0,0.0
-0.11662234609612582,0.07638827943661966,0.02157328242825017
-0.07275518601346546,0.08669590372786988,0.012809467764422745
-0.05778001286750363,0.09134611987138122,0.005820429928533635
-0.04647747809239994,0.09348879210550892,0.00247109810297249
-0.03360589797127903,0.09474721663259296,0.0010169939566824933
-0.02105291089459212,0.09562431078563326,0.00040247230929312005
-0.011210952431039617,0.09622239659843822,0.00015076596513149038
-0.005039144296970413,0.09658325241675693,5.267397056107547e-05
-0.001888467960285703,0.0967687233594217,1.694369151741966e-05
-0.0005886682801931848,0.09684885109428253,4.925751585258649e-06
-0.0001496945980275895,0.09687766584301587,1.2722190673857658e-06
-3.0994210979493704e-05,0.09688625146947932,2.8307046509417884e-07
-5.011381657344546e-06,0.09688834101482502,5.3403599339667115e-08
-6.299936521558542e-07,0.09688875349060018,8.114439205353318e-09
-4.587239537470162e-08,0.09688881692309706,9.115947673051452e-10
4.5547066476280365e-08,0.09688882249751951,-2.711635077620323e-10
2.1123088820139326e-07,0.09688881467827486,-1.4373874037172108e-09
8.390872407888222e-07,0.09688878330009058,-5.3587499383059375e-09
3.073031068857768e-06,0.09688867565667754,-1.8533102802781832e-08
1.0397775228971758e-05,0.09688833375232594,-5.989226613969309e-08
3.2582991470222085e-05,0.09688732824830762,-1.8170121286793692e-07
9.45129510616183e-05,0.09688457406045105,-5.187930271400408e-07
0.00025496237721949535,0.09687760858572052,-1.403509710265433e-06
0.0006360220978395374,0.09686102489560434,-3.5947129242673494e-06
0.0014869411465624491,0.09682512144694583,-8.828822535780868e-06
0.003187669764398448,0.0967494639396159,-2.0547865752597753e-05
0.006535957312167524,0.09661248527244623,-4.6712739308693545e-05
0.011924998379319056,0.09634310048988388,-9.92972464735634e-05
0.02205713831608462,0.09596853756012867,-0.00021388289491113173
0.033112456327745184,0.09516727845443901,-0.0004114742573066622
0.05913333228886432,0.09453420696676659,-0.0008715000033604723
0.06647492282718294,0.09231189220429621,-0.0014756409142250735
0.13266269690981225,0.09228280093275301,-0.0032770265616501185
0.08777960228315279,0.08612347663651608,-0.004678765960570698
0.2621179216313025,0.08999725710166362,-0.011903274364956312
0.040438589476275266,0.07352936011709321,-0.013858805129285971
0.4699284273650986,0.08767494795652664,-0.04343235962554482
-0.12375026475124208,0.04759071552195587,-0.039644891004696765
0.7385284161527079,0.06776824692844052,-0.14689400089270058
0.0,0.0,0.0
0.0,0.0,0.0
-0.6027004291779253,0.32474860460205823,-0.002130866923863997
-0.3826829181280369,0.3551817821120913,-0.001993431862589941
-0.23227785176502458,0.36878801840030156,-0.0020016678551821516
-0.1386349860697434,0.3762349084350883,-0.001631963515146701
-0.07911597353954644,0.38036335627863926,-0.001083213114901296
-0.04166370504683798,0.38268716258701374,-0.0006016861975041615
-0.019664527750910318,0.38397132695844716,-0.00028264568884475293
-0.00812196990160505,0.38463417082648155,-0.00011244577758766896
-0.0028944773375867002,0.38494095394984607,-3.768024289879426e-05
-0.0008755781719422231,0.38506479663572096,-1.0570506577144277e-05
-0.00022339023912491918,0.38510770299811364,-2.447694728105805e-06
-4.708863384837051e-05,0.38512028654341746,-4.627396706033518e-07
-8.19292199190316e-06,0.385123386378677,-6.92217222849534e-08
-1.1309857124202792e-06,0.38512401759506787,-8.032486920026297e-09
-1.1162587413190615e-07,0.3851241227185526,-5.481367780448513e-10
5.5748227326747837e-08,0.385124134082913,5.738862299817496e-10
2.7958396938547513e-07,0.3851241245723731,2.7387212485975635e-09
1.095825848329103e-06,0.3851240843047911,1.1300992009975901e-08
3.975150176495592e-06,0.38512394685840773,4.314296208430061e-08
1.3393939170279354e-05,0.3851235111919294,1.5272108362447077e-07
4.201587671075124e-05,0.3851222262588523,5.025077158690018e-07
0.00012268100945117804,0.3851186811679164,1.5370230109154187e-06
0.00033484476759785626,0.38510959610879836,4.388246718979679e-06
0.000850673440029913,0.3850876072093548,1.1648932689088869e-05
0.002034748362711084,0.38503872544904555,2.9054227404856295e-05
0.004506762430008848,0.38493320005570186,6.70292884485168e-05
0.009561961726012548,0.3847325491758544,0.00014748109384528748
0.018414236878158696,0.3843290261056583,0.00029423716194555303
0.035525642784730624,0.3837060257624159,0.0005820095277489079
0.058597340701873876,0.38239986025755585,0.0009834321610525684
0.10821832560778423,0.38100472079080977,0.0018205239330066857
0.146716507694131,0.3770657743915838,0.002454261824447917
0.2851028173685236,0.3752760380275052,0.0046103006821062616
0.292748323630464,0.3632848187370739,0.004234738926787113
0.6919671237241762,0.3647897005512991,0.00943386135594212
0.46945464475225407,0.32737440924058203,0.003250453869025094
1.6590569575584013,0.3467484421115968,0.014018324158032735
0.5345570378058985,0.22613106884661774,-0.007265938480182587
4.25694549209968,0.3206903277659212,0.008236855750744128
0.0,0.0,0.0
0.0,0.0,0.0
0.0,1.0,0.0
0.0,1.0,0.0
0.0,1.0,0.0
0.0,1.0,0.0
0.0,1.0,0.0
0.0,1.0,0.0
0.0,1.0,0.0
0.0,1.0,0.0
0.0,1.0,0.0
0.0,1.0,0.0
0.0,1.0,0.0
0.0,1.0,0.0
0.0,1.0,0.0
0.0,1.0,0.0
0.0,1.0,0.0
0.0,1.0,0.0
0.0,1.0,0.0
0.0,1.0,0.0
0.0,1.0,0.0
0.0,1.0,0.0
0.0,1.0,0.0
0.0,1.0,0.0
0.0,1.0,0.0
0.0,1.0,0.0
0.0,1.0,0.0
0.0,1.0,0.0
0.0,1.0,0.0
0.0,1.0,0.0
0.0,1.0,0.0
0.0,1.0,0.0
0.0,1.0,0.0
0.0,1.0,0.0
0.0,1.0,0.0
0.0,1.0,0.0
0.0,1.0,0.0
0.0,1.0,0.0
0.0,1.0,0.0
0.0,1.0,0.0
0.0,1.0,0.0
0.0,0.0,0.0
