0.0,0.0,0.0
0.0,0.0,0.0
0.0,0.0,0.0
0.0,0.0,0.0
0.0,0.0,0.0
0.0,0.0,0.0
0.0,0.0,0.0
0.0,0.0,0.0
0.0,0.0,0.0
0.0,0.0,0.0
0.0,0.0,0.0
0.0,0.0,0.0
0.0,0.0,0.0
0.0,0.0,0.0
0.0,0.0,0.0
0.0,0.0,0.0
0.0,0.0,0.0
0.0,0.0,0.0
0.0,0.0,0.0
0.0,0.0,0.0
0.0,0.0,0.0
0.0,0.0,0.0
0.0,0.0,0.0
0.0,0.0,0.0
0.0,0.0,0.0
0.0,0.0,0.0
0.0,0.0,0.0
0.0,0.0,0.0
0.0,0.0,0.0
0.0,0.0,0.0
0.0,0.0,0.0
0.0,0.0,0.0
0.0,0.0,0.0
0.0,0.0,0.0
0.0,0.0,0.0
0.0,0.0,0.0
0.0,0.0,0.0
0.0,0.0,0.0
0.0,0.0,0.0
0.0,0.0,0.0
0.0,0.0,0.0
0.0,0.0,0.0
-0.00025473979779554987,4.583508350432696e-05,4.836132271002491e-05
-0.0003389870550284448,4.2985069678447544e-05,7.922925131279566e-05
-0.0003813033054478083,3.529149404176936e-05,0.00010247462133365455
-0.0003713538037005196,2.46461235600572e-05,0.00011872280114424978
-0.00029561653750324727,1.1289968405671556e-05,0.00012646268228933076
-0.00014150214395274458,-4.6149515535916455e-06,0.00012391436734164677
0.00010189973046846453,-2.2859966453478287e-05,0.00010938985265165068
0.0004433227907457413,-4.317761464115266e-05,8.138222700648375e-05
0.0008889730204780329,-6.52413834568487e-05,3.861490141705178e-05
0.0014422703813282787,-8.866612244284224e-05,-1.991303512961393e-05
0.002103701044912777,-0.00011300875066966315,-9.488369805946123e-05
0.0028707312915419933,-0.00013777257045042692,-0.00018661859771830085
0.0037378846824019135,-0.00016241223198768114,-0.0002950462253165214
0.0046967997055755595,-0.00018634645078966378,-0.0004196718182325633
0.0057366059467026205,-0.00020896501533501692,-0.000559570565084606
0.00684395593142563,-0.0002296543741553702,-0.0007133704675793531
0.008003900880233866,-0.00024779450385060985,-0.0008792924276719594
0.009199337246921475,-0.0002628130750955548,-0.0010551231973840566
0.01041316656444388,-0.00027413455840660187,-0.001238352074406488
0.011625473208162512,-0.0002813215379694719,-0.001426040704091889
0.012819743580492175,-0.00028386066199192816,-0.001615214660410962
0.013972569489249518,-0.00028159036635622115,-0.0018023262024777565
0.015073028702169351,-0.00027396210646956205,-0.001984424066192524
0.0160888252442566,-0.00026138738171516986,-0.0021572528538911845
0.01702705651133193,-0.00024285829307819484,-0.0023188646348990443
0.017827866159321124,-0.00022015207389881365,-0.0024634067594535144
0.018550934555979618,-0.0001904658904843384,-0.002592278542840296
0.019052733026076057,-0.00015920381318663954,-0.002694767149518098
0.019542638260761653,-0.00011790747653282497,-0.002781868973374874
0.01963435817964854,-8.197495079823313e-05,-0.002828051322782759
0.0199531808591482,-2.6600492066328076e-05,-0.0028710514276818954
0.019435686003997286,5.400971361465652e-06,-0.002842335678361412
0.019830827780087944,8.382296998925721e-05,-0.0028529238673341622
0.018252808430859486,9.221600378285452e-05,-0.0027151789351328955
0.019406253693681794,0.00022022075523250224,-0.002736598776704389
0.01564828166462982,0.00015805575138712105,-0.0024116795773685253
0.019289309360367768,0.0004084641839593663,-0.0025589688400858438
0.010497245829567866,0.00015752986056408362,-0.0018373090325084116
0.021005308867678193,0.000718494203396143,-0.0022778361699906883
0.0,0.0,0.0
0.0,0.0,0.0
-0.00034895422256224615,7.733961754248254e-05,5.206852171872224e-05
-0.0004061534938518721,7.240984427449267e-05,8.522638143787322e-05
-0.00039875065480652385,5.8909813952552306e-05,0.00010970950854691036
-0.0003085335358314089,3.997613241729016e-05,0.00012653816749868082
-0.00011282011974613012,1.6118142215939536e-05,0.0001341830913344506
0.00020836817199219827,-1.2298755991711604e-05,0.00013075245399824726
0.0006715742486746565,-4.4857364854561495e-05,0.00011445547592413956
0.0012893082101924273,-8.104993789334272e-05,8.370952871103498e-05
0.0020695756967873975,-0.00012026797120802427,3.7190541596742736e-05
0.0030155432114076916,-0.00016180048982294919,-2.6122483768438108e-05
0.0041254167651473515,-0.00020483568211119866,-0.00010690607833644463
0.005392435072178773,-0.00024847045539351726,-0.00020545204082372486
0.006805180203821883,-0.00029172069825296893,-0.0003216382749208378
0.008347815986224628,-0.0003335466770599195,-0.0004548999148271284
0.010000940631719043,-0.00037286535887046086,-0.0006042280304285086
0.011741685727069165,-0.00040859993355140035,-0.0007681506809158526
0.01354548210354068,-0.00043966907872698214,-0.0009447838080109668
0.015384870920458142,-0.00046509272721823676,-0.0011317915353584956
0.017233741313130446,-0.0004838827996287606,-0.0013265504763264532
0.019061504569940955,-0.0004953239596911347,-0.0015259746993245228
0.020845318120430324,-0.0004985356794057124,-0.0017269876355842984
0.02254937369430754,-0.0004933268583927162,-0.0019258461126973284
0.02416301183539003,-0.00047871248655836283,-0.0021195481139481185
0.02563371130471586,-0.00045559513965407974,-0.002303525012608545
0.026986077989687454,-0.0004220392087903367,-0.0024759412367203943
0.02811379137225851,-0.00038158096848846143,-0.0026303276471899254
0.02914219935228537,-0.0003287276086691228,-0.0027686586869125215
0.02980287403769829,-0.00027403129444490167,-0.0028788288049458296
0.03050625053942292,-0.0002009879732001544,-0.0029736350102118753
0.030519393851026814,-0.00013941348354224296,-0.003024218558536871
0.031040496221039302,-4.132681433917894e-05,-0.003073173223206188
0.03005548717517672,1.0969711927500538e-05,-0.003044018925225167
0.03087513521537205,0.00015120548370278278,-0.0030597747521373844
0.02807402145783775,0.00015735928604884784,-0.002914520646907269
0.03046560467469068,0.0003886675256657969,-0.00294300886922074
0.0238361770214084,0.0002612542790176173,-0.002600963254777787
0.030946762377996487,0.0007103596770399037,-0.0027598326376295575
0.015587001202777779,0.00023783559448345697,-0.0020063192649060905
0.03496687881573907,0.001198614479242908,-0.002412973971423491
0.0,0.0,0.0
0.0,0.0,0.0
-0.00042751519214853905,0.00010645597679904432,5.523625423919608e-05
-0.0004439909992699909,9.914078834035868e-05,8.998140619921277e-05
-0.0003707741539303074,7.967355128979107e-05,0.00011488058774057192
-0.0001839295285902344,5.239292105311436e-05,0.00013131779782906555
0.00014749166032199262,1.8025605175324774e-05,0.0001378013025091796
0.0006503855873852753,-2.2864533930406266e-05,0.00013237443263768256
0.0013464718682374916,-6.963571649437439e-05,0.0001131838306638701
0.0022515176636314894,-0.00012152003718663302,7.861579055701455e-05
0.003374768513646526,-0.00017760903054076627,2.7351507306970927e-05
0.004718580036756417,-0.00023685196923537837,-4.1590338027164866e-05
0.006278379173889127,-0.00029805946673047885,-0.00012881765811749684
0.008042777015218112,-0.00035991966119469084,-0.0002345305643435216
0.009994172881983282,-0.00042101395245751306,-0.0003585012053762033
0.012109176724262538,-0.00047985668637067424,-0.0005000502265406545
0.014360010196386644,-0.0005349108499284324,-0.0006580574696897675
0.016714586101654636,-0.0005846646580748861,-0.0008309414681512352
0.01913931582756903,-0.0006276061714684977,-0.001016729388693171
0.02159698330496227,-0.000662390206241488,-0.0012129953681096067
0.0240535097808078,-0.0006876505329133377,-0.0014170691437754021
0.02646826568886743,-0.0007024500130173805,-0.0016257841942997904
0.028813650953073828,-0.0007055629509968162,-0.0018360761014375492
0.031041590293446355,-0.000696844983410315,-0.002044079529238582
0.03314421122060423,-0.0006748537903017034,-0.0022469052555453882
0.03504727529016597,-0.000641109166023883,-0.0024396958151454992
0.03679768211808603,-0.000592622362815022,-0.002620965480955275
0.038237104677036206,-0.0005349458043573945,-0.0027835075709828094
0.039566866830029815,-0.0004595371665350603,-0.002930267004472746
0.04037885492649125,-0.0003826683466211023,-0.00304731590750632
0.041307459698722966,-0.00027894325089967194,-0.003149987753665746
0.04123894503094298,-0.00019382821115753303,-0.003205122596657052
0.041993325948963135,-5.4419251422901096e-05,-0.003261501407873323
0.04053604877065384,1.5142167162365516e-05,-0.003232993808881305
0.041833566881627975,0.00021550704422209905,-0.0032565012193199773
0.03780069956332356,0.00021575492646581161,-0.003105887917999928
0.04149909305545078,0.0005476044065046699,-0.003143886581450637
0.032013890760099445,0.00035317433714567844,-0.0027880595610483175
0.04260368091797527,0.0009938288118519754,-0.0029567796442351584
0.02083285247686375,0.0003112154410916285,-0.0021723759124892246
0.048731216224702154,0.0016592300572413551,-0.0025514139888078856
0.0,0.0,0.0
0.0,0.0,0.0
-0.0004877904468302566,0.00013560171302614592,5.9290852123754956e-05
-0.0004429129722612199,0.00012560383436163326,9.572756349150147e-05
-0.00028226676197812804,9.95953799355253e-05,0.00012083820244390479
2.303941008458561e-05,6.326319420476377e-05,0.0001364381178378014
0.0005115179454683518,1.758778484655e-05,0.00014106643323575214
0.0012163472790836939,-3.66419078408735e-05,0.00013269121232616646
0.002163783029171211,-9.852479452882066e-05,0.0001093936129851783
0.0033721664891397975,-0.00016699341206927984,6.953683104034023e-05
0.004851278707170766,-0.0002408003354512371,1.1826958269964388e-05
0.006601982271845756,-0.00031852042258480903,-6.464720581152733e-05
0.00861633615423801,-0.00039855856475274893,-0.00016038636365804025
0.010877875096656341,-0.0004791747419217229,-0.0002754548844571957
0.013362589734207656,-0.0005585049881170514,-0.0004094741047351719
0.01603952168659639,-0.0006346173892228678,-0.0005616061309298898
0.01887282037688383,-0.0007055270556004605,-0.0007305824815897124
0.021821648087563657,-0.0007693044202178562,-0.0009146799376476215
0.02484427422460333,-0.0008240228093976428,-0.0011118194673316946
0.02789451248588063,-0.0008680024034842399,-0.0013194694306567412
0.030931751149051452,-0.0008995102553583292,-0.0015349222642931659
0.03390600836816593,-0.0009174305091506952,-0.0017549241051098867
0.03678706921320598,-0.00092017491132928,-0.001976465762120774
0.03951436711037449,-0.0009077164253842389,-0.002195535860905461
0.04208638440518165,-0.0008780641010747445,-0.0024094523067850425
0.044404309642379125,-0.0008335091963663667,-0.002612968617838626
0.04654443953395124,-0.0007697493783143881,-0.00280515303926536
0.0482872176517777,-0.0006947366753828011,-0.002977759245787319
0.04992574546584664,-0.0005962375263260395,-0.0031351765422199373
0.050888551029620435,-0.0004971851476827158,-0.003260881227064874
0.052069634745165724,-0.00036182026792007366,-0.0033738677356655003
0.05192018386425942,-0.00025342201190405625,-0.0034348601543936017
0.052959374592773154,-7.099683130101467e-05,-0.0035014290983267785
0.051019054673566835,1.4951919932603363e-05,-0.0034737581945846483
0.052876303979280656,0.0002782673662520186,-0.003508404316605736
0.047574220849625225,0.0002707327382407278,-0.003350301576463286
0.0526959467846054,0.0007075182542551884,-0.00340269323951333
0.04028244917134002,0.0004434514537017889,-0.0030259066669600506
0.05448843237235494,0.0012824769000413581,-0.0032137467588103166
0.026194686925409914,0.00038708012832343693,-0.0023783064543747624
0.06275175490654958,0.002135468750714297,-0.002751351029941808
0.0,0.0,0.0
0.0,0.0,0.0
-0.0005245708977951414,0.00016511794452881703,6.435075700834702e-05
-0.0003903075207783566,0.0001520687341905581,0.0001027286228947122
-0.00011376603673419275,0.000118769867325699,0.0001279071353265419
0.0003381704240118287,7.241214664372357e-05,0.00014227863259214674
0.0010108878466750268,1.4298511867717016e-05,0.0001444297992632441
0.0019430513650873433,-5.45025658746908e-05,0.00013224371371111399
0.0031645829919386883,-0.00013277605959441613,0.00010373137303281708
0.00469547630545363,-0.00021909962940735485,5.723947640074584e-05
0.0065451232717816926,-0.00031183437624324287,-8.483265936675804e-06
0.008712024680227786,-0.00040913534748378315,-9.425054838684157e-05
0.011184151009902646,-0.0005089660255729183,-0.00020042175989889408
0.013939440713442233,-0.0006091351940288108,-0.00032688703114494214
0.01694726478090732,-0.0007073222414179409,-0.0004730784675921269
0.020169161092109783,-0.0008011521297908099,-0.000637962242829315
0.023561698129506106,-0.0008882030561222689,-0.0008200915456254048
0.027075966150552036,-0.0009661532169815901,-0.0010175745537567235
0.03066332265023867,-0.0010326826639767707,-0.001228214296467384
0.034269657579760075,-0.0010858178463680115,-0.0014493590475804846
0.03784977687245587,-0.001123470123381745,-0.0016782770178190149
0.04134518499386018,-0.0011444000692934961,-0.00191161562239183
0.04472595822188127,-0.0011466233200731965,-0.002146467091861788
0.047918567350736234,-0.0011303208383028277,-0.0023786376165307204
0.050932738978404835,-0.0010928129866799403,-0.0026057545605159362
0.05364098614913118,-0.001037367015615586,-0.0028220589848368624
0.05615877940511074,-0.0009579914203792512,-0.0030273988208761953
0.05819257374784841,-0.0008655559737943311,-0.003212146359872744
0.06014889206476349,-0.0007432382289548524,-0.0033826554625412406
0.061260670783998945,-0.0006219111309146965,-0.0035189670449341168
0.06272997037256735,-0.00045342513104705545,-0.003644942100671538
0.06249942777015149,-0.0003218188445273725,-0.003713267386633553
0.06389215265335711,-9.36494870853873e-05,-0.0037930353474917283
0.06145233974887913,7.95508621003548e-06,-0.003766544548506765
0.06398072066766447,0.0003388734661038867,-0.0038160079254186507
0.05735063081329871,0.00032134068276895296,-0.0036484859505491506
0.06406560699044317,0.000870674924279714,-0.003720628334257711
0.04859139196098744,0.0005321599973244872,-0.0033165467910878264
0.0666645553451598,0.0015818506847515015,-0.003532746369421887
0.03160018020020662,0.000463932724688783,-0.002629807439443887
0.07719431840807754,0.002631799147130976,-0.003005904778088561
0.0,0.0,0.0
0.0,0.0,0.0
-0.0005325878264119811,0.00019499691833124047,7.061520963607728e-05
-0.0002745690018885317,0.00017843094932704003,0.00011139637221830746
0.00015241755437549979,0.00013694625000778624,0.0001366564086847419
0.0007846208256728391,7.940058592912387e-05,0.00014953949802417102
0.0016734353182297674,7.497979986395008e-06,0.00014872030709049176
0.002862055807369012,-7.734422770400863e-05,0.000131996966769748
0.004383049890035419,-0.00017352836525782764,9.73100781681445e-05
0.006257017858355179,-0.00027920976252978643,4.299942280891768e-05
0.008491956064781076,-0.0003922953402843678,-3.212412956183398e-05
0.011083095080415988,-0.0005104671749822939,-0.00012874915062363493
0.014013607797096428,-0.0006312064688266201,-0.0002470616489081789
0.017255366384806247,-0.0007518459306173935,-0.000386743170254664
0.020771019286935772,-0.0008695977051375898,-0.0005470047685724957
0.02451479177986582,-0.0009816510667215077,-0.0007265870021049643
0.028436361904080488,-0.0010851632584838878,-0.0009238442305682944
0.0324795897255947,-0.0011774546863388463,-0.00113669747383029
0.03659043665324249,-0.0012558388938234697,-0.0013628299349613905
0.040708036922563036,-0.0013181013217310378,-0.001599460646231227
0.044784963232910154,-0.0013618082033835907,-0.0018438554003913834
0.04875497896819804,-0.0013856676393245995,-0.002092550176669742
0.052592001947230606,-0.0013872500627796305,-0.0023427939723671375
0.05620854541064815,-0.0013670632725018591,-0.0025901635574982775
0.05963173687141689,-0.0013215510162644345,-0.002832712938777142
0.06269975045283155,-0.001255224451260869,-0.0030640238471676753
0.0655797503899878,-0.0011599124637550115,-0.0032849780790271364
0.06788761330065814,-0.0010500716547695917,-0.0034841837516933994
0.07017097097334074,-0.0009031379283081091,-0.0036705278704245088
0.07142629641834565,-0.0007595487405922762,-0.003819715952930222
0.07322508689683305,-0.0005561939426025303,-0.003961740031084613
0.07290937639101625,-0.0004015777054041232,-0.004039268868116288
0.07473767206176696,-0.00012432748022121227,-0.0041356606172315
0.07177408524336583,-8.056894967602183e-06,-0.004111179889416383
0.07511014811086777,0.00039626743497338593,-0.004179463036895001
0.06707421788505447,0.0003658067845437946,-0.004001298561100502
0.07559814023222516,0.0010372784765698333,-0.004098451259867804
0.05688846928027459,0.0006176944964143527,-0.0036621716458132506
0.07916316672470482,0.0018932910515654907,-0.003914074939319821
0.03700488307804135,0.0005397978922081733,-0.0029300929775303635
0.0921429026742589,0.003149244632727437,-0.003310153205940038
0.0,0.0,0.0
0.0,0.0,0.0
-0.0005105409367976694,0.000225435521270896,7.829005835355408e-05
-9.177219977489605e-05,0.0002047849278679703,0.00012211843133051763
0.0005228854070186508,0.00015404788662583963,0.00014762101848757948
0.001371440779179604,8.394317759296577e-05,0.00015889158905928302
0.002510271372931237,-3.331334612291169e-06,0.0001547544105538956
0.0039860060810747115,-0.00010592521719161792,0.00013293392525788472
0.005832711891745302,-0.00022177499502209168,9.130483414615667e-05
0.008070446356581903,-0.0003485340284133432,2.8210710278195867e-05
0.010704738916988556,-0.00048358329452871966,-5.7457358050451615e-05
0.013726620095440477,-0.0006240735143174372,-0.0001662387739566526
0.01711379325482852,-0.0007669609886596069,-0.00029811982774019714
0.020831671502931352,-0.0009090795334795965,-0.0004525463024161906
0.024836217584282422,-0.001047167559407056,-0.0006284853313823598
0.02907467754819331,-0.0011779933505271288,-0.0008244312121878965
0.03349074008424366,-0.0012983155859734381,-0.0010385293721015367
0.038022009288625876,-0.0014051413249177855,-0.001268503208840723
0.04261082354883727,-0.0014954486541136876,-0.0015119240787032238
0.047190751306450236,-0.0015668466196707643,-0.0017658763321478257
0.05171482165894355,-0.0016165635517237126,-0.0020276536455787727
0.05610959058431382,-0.0016433431959466172,-0.002293663748150497
0.06035696528071923,-0.001644242029630097,-0.002561376954447131
0.06435374435843794,-0.001620245881029029,-0.0028260786017925434
0.06815190626614655,-0.0015666802587443504,-0.003086382443765824
0.071547771200398,-0.0014896397480446966,-0.003335034319265038
0.07477559334065012,-0.001378159888923021,-0.0035742353243479593
0.07733995129442274,-0.0012511143354774431,-0.003790398699957928
0.07996349103411365,-0.0010787800949835385,-0.003995565922107808
0.08135662089897706,-0.0009131314934432626,-0.004160144538510248
0.0835344207765998,-0.0006729878871172348,-0.004321581343539491
0.08312845223333304,-0.0004957448163280118,-0.004410504129546784
0.0854890495161085,-0.00016556971104179823,-0.0045272655099615824
0.08197284197599945,-3.585289444386096e-05,-0.004506066518757787
0.08627682383076368,0.00044868930030739066,-0.0045973896303058365
0.07674325257413084,0.00040191068556939255,-0.0044080626081476355
0.08732877005946488,0.0012067766357116707,-0.00453527720589708
0.06517721479191896,0.0006984861191449424,-0.004063159611364577
0.09204525115931245,0.002217626752630383,-0.004356566321129174
0.04241305001719877,0.0006137145381417431,-0.0032798391908959315
0.10768552778389198,0.003689984380076034,-0.0036604237499285983
0.0,0.0,0.0
0.0,0.0,0.0
-0.0004564538133362682,0.0002565848978225709,8.783885717101778e-05
0.00016298980489640077,0.00023119743973197025,0.00013572583329250355
0.0010051378820071855,0.00017000772950368493,0.0001619338296862013
0.0021079987305987692,8.581623478446659e-05,0.0001717267680971957
0.003531668835390211,-1.8582405723001253e-05,0.00016415660977360587
0.005324988023049561,-0.00014081241620875255,0.00013689584075950596
0.007522358913733838,-0.0002782538737941087,8.776573009948865e-05
0.010142228010724544,-0.0004279719366004282,1.51314158355968e-05
0.013186755436834098,-0.0005867445155831637,-8.201200762107494e-05
0.016642066540893993,-0.0007511293127090335,-0.00020402697738522356
0.020479991893270058,-0.0009175136773923651,-0.00035067311741409084
0.02465935506374471,-0.001082211133960152,-0.0005211355253310322
0.02912974238913036,-0.0012414823396475442,-0.0007141205236781145
0.033831951430378406,-0.0013916948630773806,-0.0009278630171576127
0.03870479562301374,-0.001529235049630185,-0.0011603000819358264
0.04368064326472388,-0.001650849232744147,-0.0014089559456194741
0.048700133905915446,-0.0017532119149017342,-0.0016713104031510528
0.05369227467958324,-0.0018338308450472286,-0.0019443132010478449
0.058613417771880116,-0.0018895956591138074,-0.002225328545850071
0.0633829019303342,-0.001919391044747444,-0.0025106167936682533
0.06799521015985836,-0.0019196651361845709,-0.0027979484193109594
0.07232852666229603,-0.0018920689858190737,-0.003082241393230046
0.07646834387209378,-0.0018305071729605505,-0.003362824472643747
0.08015934198357877,-0.0017430775839115298,-0.003631401165574949
0.08372118619513927,-0.0016152775726359608,-0.003891814773909202
0.08652194824679503,-0.0014714022485579751,-0.004127803319624234
0.08949954380010208,-0.0012728849574194054,-0.00435523967307972
0.09102002700107982,-0.0010855632234014556,-0.0045382068396031
0.09362884922038753,-0.0008065555252454019,-0.0047229816103922595
0.09312070510450288,-0.0006072585225789805,-0.004826088616410238
0.09611752408898899,-0.00021989393832132367,-0.00496755810235547
0.09201052870563745,-7.818255416663773e-05,-0.0049516253940248955
0.09745804618089027,0.0004941796539431394,-0.005070648067421997
0.08632109906553079,0.00042729759304328954,-0.004870480188202556
0.09924849137561785,0.001378056890181886,-0.005032733616124286
0.07342621003176673,0.0007726813531071208,-0.0045221383356782545
0.10532413877069062,0.0025547547336869127,-0.004861582708227474
0.04780335074848434,0.000684410287488339,-0.003681148951097693
0.1238635120226379,0.004254868737271104,-0.004055705533048655
0.0,0.0,0.0
0.0,0.0,0.0
-0.0003765384310678672,0.00028919100461513505,9.963965119984482e-05
0.00047992449782301974,0.00025830794272608436,0.00015287216125559663
0.0015861179724489076,0.000185259182980309,0.000180469371608993
0.002978169393190685,8.520617676067811e-05,0.00018912430513870512
0.004718574789471543,-3.8332090468237676e-05,0.00017821839969723566
0.0068571069634017915,-0.00018234276387603675,0.00014540506951838016
0.009427300378559524,-0.0003435428429913733,8.846831083767027e-05
0.01244490900098652,-0.000518311747260171,5.8119955352751095e-06
0.01590785784490597,-0.0007027411848480768,-0.00010344464882234967
0.01979674427189666,-0.0008927340481679905,-0.00023946481518358098
0.0240772692475383,-0.0010840689492769883,-0.000401761781370623
0.028701701293730095,-0.0012725263587766154,-0.0005892426624305272
0.03361377656342161,-0.00145389448870455,-0.0008003449637923514
0.03874853108737343,-0.0016241723743189733,-0.0010330386623439022
0.04404122619730389,-0.0017794080173506217,-0.001285062241115538
0.049420032460889184,-0.0019161511897455128,-0.0015537444729825478
0.05482598062003468,-0.0020308055033893243,-0.001836502549018881
0.06018427869470798,-0.0021208643947801258,-0.0021301517687598056
0.06545767540302659,-0.0021828668384100388,-0.0024321780298652753
0.07055763022834598,-0.0022159627699290686,-0.0027386666231953337
0.0754962948796858,-0.002215866421811416,-0.0030477781665564996
0.08012902474819142,-0.00218512162953352,-0.0033539665586710308
0.08458484274322832,-0.002115839934091847,-0.003657450719599152
0.08854449961869094,-0.002018629565194247,-0.003948648780388203
0.09243450829429445,-0.0018745621490450768,-0.004233405026353167
0.09545647865451272,-0.0017145381846401932,-0.00449224844533522
0.09881026477392388,-0.0014891842269163218,-0.004745614538360887
0.10045055487109703,-0.0012808709384177048,-0.004950177296525628
0.10355205027183828,-0.0009608713900389792,-0.005162469441949531
0.10293058706358878,-0.0007403154446144274,-0.005282835702064136
0.10668036971993261,-0.00029111145667971535,-0.005453623471127806
0.10194225571469975,-0.00013894489054522874,-0.005445365436596106
0.10872610459357565,0.0005297026766104652,-0.005596958270049706
0.09587169671134237,0.0004389574584153718,-0.005386932874085984
0.11144314432386497,0.0015495407450568377,-0.00558916520963439
0.08170043394476305,0.000838655976475664,-0.005038432089149006
0.11909423581788153,0.0029051586143929594,-0.005427692289137552
0.05322537233944265,0.0007516772961011968,-0.0041335357277725
0.14077882450188353,0.004847036604018315,-0.004493270434497425
0.0,0.0,0.0
0.0,0.0,0.0
-0.0002721618281974981,0.00032375165302929974,0.00011460633546132253
0.0008580979827427593,0.0002865401026705147,0.00017515735515343485
0.0022647255874597215,0.0002001081384710282,0.00020537737801537174
0.003979631390811272,8.228978827487393e-05,0.0002136821407684996
0.006066158579819924,-6.25348617900435e-05,0.00019990098460197076
0.008573693570779271,-0.00023060033115305907,0.0001617122571588984
0.01153385458947449,-0.0004178519994846337,9.68908948962676e-05
0.014958941776291217,-0.0006198849448067353,3.911125530357285e-06
0.018842226678759635,-0.0008320206573789839,-0.0001179486671495959
0.023158653579254278,-0.0010494456731444447,-0.00026861673255557876
0.027868052747406613,-0.0012672907429062937,-0.000447331030629382
0.03291660840711706,-0.0014807935505717928,-0.0006526980741123513
0.038243122261767314,-0.001685277605903672,-0.0008828790431637264
0.04377775757265353,-0.0018764114513198328,-0.001135576320739456
0.04945372731651232,-0.0020499402279967743,-0.001408347919381052
0.055195914402099554,-0.0022022889687168656,-0.0016983371235052562
0.06094784327191217,-0.0023296187128652875,-0.002002940113727151
0.06663117175054335,-0.002429505884452835,-0.0023188418869863115
0.0722181346567537,-0.002498110164131242,-0.002643716605771313
0.07761064496063302,-0.0025349908430427038,-0.0029734435411996976
0.08284395670865763,-0.0025349648736668734,-0.0033066835158562288
0.08774464948968659,-0.0025017412048998276,-0.0036373148930515563
0.0924965544278343,-0.002425189374367916,-0.003966651613393731
0.09670126269325849,-0.0023190313229910654,-0.0042835530253530684
0.10091668179725986,-0.0021588775365965324,-0.004596266360147555
0.10414293184338869,-0.001983610420364597,-0.004881530047281862
0.1078948764925185,-0.0017308148570200016,-0.005165126059733681
0.10964029703345807,-0.001502414775148252,-0.005395181908780581
0.11329381569298944,-0.00113921656009102,-0.005639944189828112
0.11253645827866976,-0.0008984044550994209,-0.005781487375037393
0.11715484668770039,-0.0003824310074276225,-0.0059870331563445355
0.11173206269360675,-0.00022152133971428556,-0.005989817298325811
0.12004941242983509,0.00055242353038343,-0.006179543414932248
0.10535029374240096,0.00043388922969506393,-0.005961621315339507
0.12388190269276757,0.0017190753295994712,-0.006208983605001888
0.0899553610979359,0.000893992069582116,-0.005617228298370971
0.13333897397088812,0.0032676051407249497,-0.006059219197746867
0.058645333521921306,0.0008138215091253733,-0.004641104878212081
0.1584398196126203,0.005465985293649475,-0.004974686678371538
0.0,0.0,0.0
0.0,0.0,0.0
-0.00016134927473109505,0.0003620958613750081,0.00013329413704126592
0.0012673536369777352,0.0003175801090781001,0.00020349878999135682
0.0029998054689297027,0.00021591957820419868,0.00023784637483133077
0.005061526814624203,7.80448997843902e-05,0.00024683266040003045
0.007515332382496537,-9.06200522358184e-05,0.0002308864767545774
0.01040896264314971,-0.0002854061019702935,0.00018776763026627218
0.013771043113637057,-0.000501351364540709,0.00011527090545370718
0.017609577312771026,-0.000733151488477248,1.1967118432967463e-05
0.02191269384596915,-0.0009752681686301865,-0.00012267985038852408
0.02664951232312191,-0.0012221153923189395,-0.00028833680661761145
0.03177428552058261,-0.0014681492657723817,-0.0004839466556161674
0.03722763505657649,-0.0017080733758415973,-0.000707799574998783
0.042944485744542835,-0.001936771790068285,-0.0009577794820270363
0.04885106939170118,-0.0021496403705009693,-0.001231321228598824
0.05488021571258665,-0.002342168020624014,-0.001525824905325784
0.06095431540236021,-0.0025107426681362584,-0.001838256651613592
0.06702163152735918,-0.0026513096541202303,-0.0021660374410783045
0.07300009005932825,-0.0027616403508510614,-0.002505719271241127
0.07887474707776117,-0.002837468088036068,-0.002855237549949895
0.08453538699562202,-0.002878929290114188,-0.0032102199682930723
0.09004644657698066,-0.00287973759163532,-0.003569949404021131
0.0951981018686842,-0.002845089356179825,-0.003927591527800586
0.10024188489087191,-0.0027620781594497896,-0.004285782112343772
0.10468204768019304,-0.0026482436403798305,-0.004631509188222136
0.10923583998591223,-0.0024725397500574065,-0.004975860335514648
0.1126617147240652,-0.0022833961668159695,-0.005291152116522183
0.11684892967631487,-0.0020028377468998856,-0.005609342331946868
0.11869428807212497,-0.0017556845631353133,-0.005868835488918809
0.12297378933746599,-0.0013471807018121862,-0.006151081764661986
0.12206435315763714,-0.001087393288242003,-0.006317821478786438
0.1276817962468303,-0.0004994519795180621,-0.006563648507450266
0.1215237414249917,-0.0003314623807046659,-0.0065811066440424094
0.1315865735382097,0.0005576310368763332,-0.006814661103194451
0.11491194117716531,0.0004078674949862437,-0.006591364067304396
0.13673276224923184,0.0018839776757244625,-0.006889155044087358
0.09834075400292036,0.0009367495345210718,-0.006256399232372455
0.14822122005623578,0.003642560210273029,-0.006753823535823661
0.06417417368782155,0.0008712726865806977,-0.005202327624691384
0.1769994260665625,0.0061165332666144635,-0.005496825898962271
0.0,0.0,0.0
0.0,0.0,0.0
-4.5906238696262406e-05,0.0004051288902592996,0.00015739656141046558
0.0017072083942705242,0.00035226663758261697,0.00024082931444726482
0.003791042291992534,0.0002334338485202886,0.0002817753425045787
0.006221857169889239,7.311685581226369e-05,0.0002932149274134909
0.00906027223360158,-0.0001220309021303225,0.0002763438091386261
0.01235117766848875,-0.00034629033970938136,0.0002290753735401499
0.016119519807911487,-0.0005936632447662914,0.0001492782179215256
0.02036880016683884,-0.0008578361238384138,3.568044299096046e-05
0.025082310279843055,-0.0011323234732408805,-0.00011200417929493764
0.03022397530831877,-0.0014107111683147886,-0.0002931180493651783
0.03574351825172292,-0.001686752204184469,-0.0005062602681049819
0.041577071720812486,-0.0019546251187463138,-0.0007493676728269156
0.04765717294999914,-0.0022087980730115817,-0.001020035705135953
0.05390717194932388,-0.0024444557748546833,-0.0013154267725612018
0.060261264925516665,-0.0026568746545911717,-0.0016328107285002707
0.06663978280737767,-0.002842500611148563,-0.0019689884822707594
0.07299785988221956,-0.0029970805688676896,-0.0023214661370142536
0.07924868570648189,-0.003118705319661015,-0.0026866643066215867
0.08539343836043947,-0.003202610359141489,-0.003062874105086444
0.09130582651536297,-0.0032497022006177877,-0.0034454254482997543
0.09708595808878699,-0.003252336226597896,-0.003834374546328651
0.1024778107112313,-0.0032175734364832433,-0.004222027314138259
0.10781494356990297,-0.0031291072245730124,-0.004612608070152035
0.11248268453537029,-0.003009108679012024,-0.004990898731877292
0.11738884441467667,-0.002818521378507457,-0.005371313099165815
0.12100463404856858,-0.002617090169188958,-0.005721079800146374
0.12565924306954515,-0.0023085007088331543,-0.006079205234116116
0.12758628889299506,-0.002044148201210597,-0.006373161424026779
0.13255511304974926,-0.0015882080965778998,-0.006699094911859747
0.1314578155293389,-0.0013109561823907237,-0.006896356383555791
0.13819223911696088,-0.0006457314800120768,-0.0071892931782348264
0.13122712215878568,-0.0004725467045817786,-0.007226482489485091
0.14323961451637832,0.0005417894416309083,-0.0075107407500863265
0.12444201735443494,0.00035714782743628836,-0.007285867205498786
0.14988550429613062,0.0020408971390276044,-0.007640005372273667
0.10673823832799341,0.0009633443098440357,-0.006966847549513617
0.16364567418070872,0.004026960973036178,-0.0075217306317496855
0.06972009461534642,0.0009209389047892353,-0.00582594718979161
0.19639694783773545,0.006795189102147407,-0.006065822202492085
0.0,0.0,0.0
0.0,0.0,0.0
3.675663264577629e-05,0.00045667520083961103,0.00018752208008179612
0.0021152026879453965,0.00039417879203885954,0.00028806915478996433
0.0045539793258930344,0.00025561650237912215,0.00033826875270132653
0.00735796236853766,6.972116961245057e-05,0.00035409802416164183
0.010584497261043595,-0.00015534022701025734,0.00033773953586685283
0.014274565402083321,-0.0004125750702170073,0.00028734864128464094
0.01844851318985895,-0.0006947617537907498,0.00020091632116505065
0.02310462753832606,-0.000994434696203475,7.737239207402664e-05
0.028221067523465558,-0.001304065246467312,-8.327565353758476e-05
0.03375658986761987,-0.0016163697793027411,-0.00028000137020089364
0.039656984469297246,-0.0019243971989098831,-0.0005110262289905465
0.04585460158145983,-0.0022218471962435933,-0.0007739041547873064
0.052280947247368696,-0.0025028293737045346,-0.0010659349205340226
0.058857362528785685,-0.0027624139936979213,-0.0013839997059988775
0.06552125661287246,-0.002995728464662003,-0.0017252637360526248
0.07219111643959361,-0.00319939694013699,-0.0020863638313780566
0.07883133067546903,-0.0033689845067957883,-0.0024649499076736794
0.08534887792887638,-0.0035030474523423385,-0.002857297536042127
0.09176488262159906,-0.003596228586497405,-0.0032621516410454494
0.09793209524766877,-0.003650429075317329,-0.003674477271358953
0.10399385596778384,-0.0036563391966350674,-0.004095267181162192
0.10963640469857153,-0.003623322229283394,-0.004515791166254824
0.11529175788331956,-0.0035309498542552917,-0.004942151399376665
0.1202016921974121,-0.003406947481739566,-0.005356550771646952
0.12549955158411372,-0.003202722095894373,-0.005777247377195112
0.1293185542909189,-0.0029912852411168537,-0.00616567500638798
0.13449935123739584,-0.002654922782700575,-0.006568794779542205
0.13651198660403696,-0.002375566051529402,-0.0069019189050878536
0.1422601750231004,-0.0018703831826351299,-0.007277400024383209
0.14095879303290917,-0.0015775711154744894,-0.007510202130556179
0.1489533013736545,-0.0008295995039855945,-0.007856766895294211
0.14112394408227175,-0.0006529311226254977,-0.00791862943874472
0.15531109230139484,0.0004977209250615409,-0.008260377259130177
0.1342466524155909,0.00027556512144253547,-0.008038046941556019
0.16365769805776922,0.002185778507743806,-0.008454785114515103
0.1154439774985256,0.0009713748384728084,-0.0077427090690738104
0.1799116636936304,0.004421974763625376,-0.008357584601775415
0.07550343339451902,0.0009644676969903336,-0.0065076655083572445
0.2168983267689766,0.007510815457061206,-0.006676607700636286
0.0,0.0,0.0
0.0,0.0,0.0
9.29999758969773e-05,0.0005177806919919699,0.0002267507920846377
0.002508052690727431,0.0004443107673729649,0.0003505248163235068
0.005312952557823756,0.0002834305141212149,0.0004143203232477081
0.008497687433147046,6.882500617129976e-05,0.0004376843935939542
0.0121146963021658,-0.00018955829064480335,0.0004240213420719598
0.01620016207078007,-0.0004832562839370369,0.0003718492697753548
0.020769730493862777,-0.000803661624633753,0.00027939242840497935
0.025817005586772884,-0.0011420295608020343,0.00014591218859658577
0.031316165294097094,-0.0014896954965477472,-2.8154034092719264e-05
0.037222169494058,-0.0018384596028756493,-0.00024128037087551307
0.04347861981285357,-0.0021806528782702082,-0.000491208965602385
0.050015506975413626,-0.002509531809628589,-0.0007750324525958688
0.056765126255957796,-0.002818891759028651,-0.001089722191187388
0.06364762700353127,-0.003103782870603302,-0.0014318567165605915
0.07060541278462185,-0.0033592372223013017,-0.00179852819985195
0.07755467567312632,-0.0035821853713712292,-0.0021862169102503087
0.08447120007286114,-0.0037680130549308244,-0.0025927988259758098
0.09125313767909503,-0.003915905938658108,-0.0030144024989421005
0.0979453602179601,-0.004019789253295644,-0.00345036002028052
0.1043731177971859,-0.004082816841931782,-0.003895214178035769
0.11073110968513233,-0.004093649743207559,-0.004351103732394334
0.11663382396836203,-0.004064456714172067,-0.004808089492760579
0.12262980543972246,-0.003969867159542167,-0.005274497758338105
0.1277889784062839,-0.0038442029882732754,-0.005729574760361335
0.13350856817646967,-0.0036276473272557966,-0.006196001461815581
0.13752760526712726,-0.0034086334410490782,-0.006628695625468928
0.14327550064715958,-0.0030447492770050892,-0.007083520925691397
0.1453507179370081,-0.0027527425225434606,-0.007462383738768671
0.15194165884842725,-0.0021965016049070914,-0.00789533876107349
0.15038411108368174,-0.0018902958792661449,-0.00817095700150914
0.15975088512909452,-0.0010541890023284966,-0.008579994753653092
0.15096265270573017,-0.0008761918351953744,-0.008673867428527196
0.1675253068620712,0.00042164406087368087,-0.009082086947169657
0.1440232348596006,0.00015866382199272142,-0.008868359509809253
0.17774456006271774,0.0023138381869599167,-0.00935530093063208
0.12414958565947583,0.0009552139824094907,-0.008606137113694774
0.19674178251067803,0.004821379978044259,-0.00928294166611738
0.08128648153249682,0.0009957454401339696,-0.007265418859340526
0.23829105736644082,0.008253692180625969,-0.0073439332211573775
0.0,0.0,0.0
0.0,0.0,0.0
5.033993565088037e-05,0.0005959071595059619,0.00027531035637976074
0.0027653002926483297,0.0005096294693852906,0.00042828581734606137
0.005906774013868303,0.000322565058304832,0.0005097518812427655
0.00944829923026168,7.454484824117502e-05,0.0005435894749704428
0.013437081512346514,-0.00022221309032849509,0.0005347540374104026
0.017903695220659904,-0.00055739998313768,0.00048227084103603967
0.022858016418521407,-0.0009207302729764841,0.0003846861621706233
0.028287806158877785,-0.0013019835821258556,0.00024167713118194333
0.03416246850066985,-0.001691255624664434,5.419453960868392e-05
0.040432637599661155,-0.002079421945978034,-0.00017565086184738975
0.04703997206486427,-0.0024581465621208182,-0.0004450531249760024
0.05391235978735776,-0.002820357860147969,-0.000750579965977426
0.060984115664976996,-0.003159651262793196,-0.001088846033369744
0.06817455309083909,-0.003471217821867304,-0.00145609536251703
0.07543296601174898,-0.003750086690265573,-0.0018493694652999258
0.08267260926229796,-0.003993665782365691,-0.0022649782301903416
0.08988337504946174,-0.004197168558342171,-0.0027010977695149136
0.09695166786369071,-0.004360607227538949,-0.00315368282105043
0.10395096814515606,-0.0044770392011830315,-0.003622786515887151
0.11067178130249186,-0.004551171616532321,-0.0041024440066495926
0.11737005489745557,-0.004569214035341362,-0.0045961610817557294
0.1235730020230691,-0.004546714990853518,-0.005092582883583962
0.1299665676621389,-0.004452435568920353,-0.005602628726877699
0.13541773097360724,-0.004328448918256858,-0.006102171702040091
0.1416302015955216,-0.0041018452272882835,-0.006618925224058424
0.1458877752337311,-0.003878799115458336,-0.007100532867130525
0.15229171729554344,-0.0034886170104921105,-0.007612741016159796
0.15445299969333198,-0.0031873691339750383,-0.008042790313564108
0.16200260740386754,-0.0025789698172240224,-0.008539969028233785
0.16018384513090883,-0.0022621906773983,-0.008864497255423721
0.17108675298989265,-0.0013325513489175819,-0.00934372763605003
0.16128476151613388,-0.001155077872757703,-0.00947600282713083
0.18046598749800064,0.0003022288816545011,-0.009959048543330422
0.15437319204289918,-3.079491473783385e-06,-0.00975977873360348
0.19276806449200518,0.002419064767137192,-0.010325014275198404
0.13344501107350287,0.0009119303969248073,-0.00954158970151796
0.21472327115724205,0.005228604682329176,-0.010283882121122105
0.08751328394190043,0.0010191717847997993,-0.008087539293701127
0.26108852964836654,0.00904191416981009,-0.008056650695723689
0.0,0.0,0.0
0.0,0.0,0.0
-5.592501526207598e-05,0.0006911093132422924,0.0003389094862115365
0.002959236182962301,0.0005901963135607311,0.0005311802644931005
0.006437584251383192,0.0003733078917998503,0.0006374348306575285
0.010331531056067267,8.752490179078502e-05,0.0006867204785169712
0.0146814321974535,-0.00025225561104662156,0.0006858921532101279
0.019511870119788357,-0.0006335920864517172,0.0006347120227447614
0.024827764893352377,-0.0010442997837690712,0.0005322982113928193
0.03061261444899372,-0.0014725251350920145,0.0003790357560057645
0.03683327331572281,-0.001907020879755612,0.00017668513713093673
0.04343817128077637,-0.0023377038380936184,-7.178590154913696e-05
0.050369347773996875,-0.0027555786386495805,-0.00036281626817516704
0.057554010044096306,-0.0031533216017303085,-0.0006922945324849209
0.06493033390981374,-0.0035244042884057555,-0.0010564088459241153
0.07241690189061027,-0.0038643036761522947,-0.001451023940349734
0.0799715164936723,-0.004168117714765084,-0.0018731720911312347
0.08750276812472416,-0.004433911499534276,-0.0023190013739203177
0.09501692347904822,-0.004656715749408894,-0.0027871085334381382
0.10238415637870477,-0.004837592882821082,-0.0032732789431522153
0.10971134623646114,-0.004968549057914501,-0.003778481872432486
0.1167449807370958,-0.00505618981477751,-0.0042961898448311536
0.12381280864743135,-0.0050837879140167635,-0.00483157126513778
0.13033641506246785,-0.005070922541003368,-0.00537167496718806
0.1371617676628724,-0.004979456424660498,-0.005930469389677126
0.14291782969153735,-0.004860496298827395,-0.006480058089042793
0.1496608198849692,-0.004626011339864128,-0.007053888732116786
0.1541527394586121,-0.004402441717411725,-0.007591579523532535
0.1612554295955972,-0.003987014712596374,-0.008169811971212713
0.16346904561621628,-0.0036799510759416404,-0.008659874427282522
0.172034110137974,-0.0030182262312258823,-0.009231837698191374
0.16987917290470508,-0.002694006926844783,-0.009615509730711428
0.18241663811442332,-0.0016657521516160157,-0.010177061952997623
0.17147438151070954,-0.001491598072774368,-0.010358520911017728
0.1934645201017803,0.00013650234168593322,-0.01092902646644155
0.16457719185478928,-0.00021449059182702235,-0.010753501326361296
0.20799894858925605,0.002494876686967219,-0.011407885604420687
0.1426025790483818,0.0008323851560557843,-0.010593248963339132
0.23318244064739488,0.005631476218233013,-0.011403873807273453
0.09362358571967429,0.0010224660449289383,-0.009010154665710967
0.28474784342622383,0.009852448547535631,-0.008846007892893111
0.0,0.0,0.0
0.0,0.0,0.0
-0.0003678512692255577,0.0008176867753914826,0.00041627878186401365
0.0028533550461428982,0.000699233967672063,0.0006563898427494152
0.0065909658308653815,0.0004461368513911407,0.0007930008999852612
0.010776127415542212,0.00011487525534433427,0.0008615092679271837
0.015443296001682507,-0.00027604756582551163,0.0008711995513983816
0.02061016733571318,-0.0007113587014165102,0.0008228301896613293
0.02627448823184139,-0.0011764689810589357,0.0007162649898930479
0.032412474994432026,-0.0016576027808801143,0.0005527589187673337
0.038985679173423396,-0.002142074043085718,0.0003350372193804774
0.045937869814546596,-0.0026189189114703376,6.707931359070554e-05
0.05321032427622898,-0.0030786508663137326,-0.00024667325309117794
0.060728535949728275,-0.0035139464303446757,-0.0006013141583832082
0.06843522060499939,-0.0039183770117229575,-0.0009925464889339042
0.07624768757336195,-0.0042879777430653585,-0.0014157936515773505
0.08413426373369834,-0.004618061147888487,-0.0018681012556047254
0.09199726993968393,-0.004907599520971551,-0.002345428063539361
0.09986284288877546,-0.00515144380668349,-0.0028468938804204215
0.1075805796877265,-0.005351978369116137,-0.0033680803901142893
0.11529743880971054,-0.005499948476226134,-0.003911062475953286
0.12270638026630049,-0.005604259091698559,-0.004468654542208171
0.1302202195803854,-0.005644698429261945,-0.005047991972452435
0.13713550872192654,-0.005645610900944824,-0.005634300151349538
0.14448462260766617,-0.005560819472381217,-0.006245075434231594
0.15062108560210288,-0.005451864235568493,-0.006848201849485595
0.15800479594542177,-0.0052133705235977955,-0.007483601771939507
0.16280494757838562,-0.004994712575286235,-0.008082059337590502
0.17073905403326323,-0.004556922248116645,-0.008732305581333347
0.17306491966301984,-0.004249369151622801,-0.00928833622891682
0.18280699196238936,-0.0035346276003170455,-0.009942679262908509
0.18034279451981663,-0.003207352323865999,-0.01039263479702178
0.19472212466176259,-0.0020756404980769656,-0.011045720042282846
0.18260535617377455,-0.0019071711004269903,-0.011284360026309994
0.20768740600622193,-9.46027240512678e-05,-0.011952989085897951
0.17585089030665121,-0.0004913946681574272,-0.011809098102389837
0.2247000432695644,0.0025318943580823227,-0.012563880536035634
0.15283284855847126,0.0007130392123034988,-0.01172244749327326
0.25332147313194187,0.006038750898117034,-0.01260766383965699
0.10054012206638932,0.0010161725014370521,-0.010003602870440923
0.3103175244281147,0.01072356150937282,-0.00968508293996558
0.0,0.0,0.0
0.0,0.0,0.0
-0.0007737028029085423,0.0009715677309212364,0.0005184467253069037
0.002660786621017192,0.0008328951177160829,0.0008229362004749743
0.006662781135790861,0.00053826224002639,0.001001249472695161
0.01113475655509252,0.0001552612951538782,0.001096367622189947
0.016103284440931443,-0.00029334723864414926,0.0011205807520855088
0.02157964564095722,-0.0007890217461082581,0.0010761439322452813
0.027557003715460725,-0.001314458459283718,0.0009642560223205961
0.034007902283706,-0.0018537623401944365,0.0007876999534804435
0.04089274541821509,-0.0023926966879882707,0.000550793443712425
0.04815396965887415,-0.0029194088367356253,0.0002590641806870491
0.05573516613252153,-0.003423966836746328,-8.178325331426412e-05
0.0635613058312558,-0.0038991900288489704,-0.0004657873637048696
0.07158127957535254,-0.004338879442712173,-0.0008880617301763546
0.07971004168397058,-0.004739854521132111,-0.001343536000890043
0.08792777837831972,-0.00509774861478962,-0.0018293503609712694
0.09612716109457174,-0.00541270089595961,-0.0023413096909818028
0.1043568165279273,-0.005679365269460117,-0.0028792506090199823
0.11243916151673515,-0.005901758727501823,-0.0034385844671563854
0.1205675870177882,-0.006069121113634462,-0.004022784407169008
0.12836933585442317,-0.006193116709633846,-0.0046239726217580275
0.1363561252756122,-0.006249432386513632,-0.005251674018580242
0.1436765524778228,-0.00626800280597573,-0.00588911824637989
0.1515774804739442,-0.006193358762769396,-0.006557948283150301
0.1580947947786674,-0.006099016951591597,-0.007221425103227912
0.16614673436623845,-0.005859873355070987,-0.007926850542715393
0.17123235075423382,-0.00565113239815994,-0.00859538570139989
0.18002615782576167,-0.005193304521129163,-0.009329099198599011
0.18240363799673903,-0.004890291163643538,-0.00996328206635025
0.19335862952079194,-0.004122553696160758,-0.010714745255476782
0.19047067832219688,-0.0037969673106505496,-0.011245880776585048
0.20676341618152813,-0.0025575846598588905,-0.01200819176438475
0.1932938615015779,-0.0023990610660888983,-0.012320403398755866
0.22163879278617454,-0.0003907330000930525,-0.013106285919001311
0.1865951257231559,-0.0008377523262454772,-0.013008620221052569
0.24124258278721403,0.0025213098806565973,-0.013880694179705487
0.16251650457830624,0.0005387257861036504,-0.013017395530730216
0.27361592104935956,0.006426480897506649,-0.013982376971986931
0.10701051276382952,0.0009755254775463373,-0.011140815432100624
0.3365341043079661,0.011603397072012136,-0.01063808278806374
0.0,0.0,0.0
0.0,0.0,0.0
-0.0015622076024557625,0.0011805661949209768,0.0006399913386430125
0.0018976994498855607,0.0010165571556636052,0.001020230408812143
0.006011993754233704,0.0006690433517252392,0.0012469339400390997
0.010657477676570269,0.00022074137014003824,0.0013725730595262663
0.015855593004697098,-0.0002994543913160761,0.0014133734972437983
0.021608861207138733,-0.0008683538504146642,0.0013735909088675824
0.027899866564220232,-0.0014650348016794232,0.0012561002541777483
0.03468946195404712,-0.002071079474082382,0.0010655018673701052
0.041929319605822676,-0.002670705158257517,0.0008079599658253071
0.04955386288324738,-0.0032514884811597512,0.0004907899685408215
0.05750503331485639,-0.0038034955308976683,0.00012114690285256063
0.06570408003992871,-0.004320218677633483,-0.00029378348119990185
0.07410602247892223,-0.004796120093451851,-0.0007484443612822816
0.0826219489277812,-0.005229261431682685,-0.0012371881489201576
0.09124651152954696,-0.005615830510267441,-0.0017572906221503064
0.09986034659253966,-0.00595749588743184,-0.0023043743116360105
0.10853963163732155,-0.006248715342097852,-0.002879146863178087
0.11707397465178095,-0.0064955090739824695,-0.003476817344186914
0.1257126745443084,-0.006685334489392422,-0.004102528856002488
0.13400551206040803,-0.006833145977494265,-0.0047476097846366186
0.14258097487924734,-0.006909843333304095,-0.005424397025621478
0.15041630081310567,-0.006951881845859145,-0.006113871994345931
0.1590061782961523,-0.006893128044643044,-0.006842466299562876
0.16602468975018167,-0.006820760100061467,-0.007568310716921556
0.1749100622467888,-0.006587337830505091,-0.008347053836288363
0.180409412476329,-0.006396945191389803,-0.00908930837022178
0.19026436900091898,-0.005924835667105723,-0.009911912067396072
0.1928182573024738,-0.005634972203884116,-0.01062985682430475
0.20522998874024137,-0.0048172628844991355,-0.011486395690747301
0.20201370330653737,-0.004500695166797146,-0.012106377130906896
0.22051672599395694,-0.0031503075745230023,-0.012988704644219431
0.20571681740455902,-0.003005549144337449,-0.013383985683168554
0.23769633191572082,-0.0007861654296163212,-0.014300977601901957
0.19930888823815385,-0.0012818993168750219,-0.014259874308015605
0.26023463401208785,0.002447010004464801,-0.015265554605215384
0.1741784978465406,0.000304873807250318,-0.014387288942842713
0.2965740424950492,0.006814691886401171,-0.015443571951478576
0.11498482753023866,0.0009242572035973719,-0.012350685119645646
0.365592412293435,0.012573440383197897,-0.011640960328190893
0.0,0.0,0.0
0.0,0.0,0.0
-0.002438008716837873,0.0014288333267868615,0.0008032109268021233
0.0011073392476673555,0.001235307668164326,0.0012868070634346814
0.005382071282858428,0.0008270079513456128,0.0015800683456946322
0.010223505355816764,0.0003043717238937461,0.00174682266069327
0.01564466122286381,-0.00029652614233161787,0.0018083313791279949
0.021641817972171278,-0.0009472014334185133,0.0017720487401892034
0.028193943708421494,-0.001622716835079778,0.0016439350364513433
0.03525877484023824,-0.0023019235525225256,0.0014318638252070186
0.042787878765613185,-0.0029674031703475962,0.0011451201502813218
0.050713801116344416,-0.003606213088201664,0.0007937914779523603
0.05898149337929784,-0.00420853193596831,0.00038710988589312195
0.06750947510408223,-0.004768773910743681,-6.6155293302229e-05
0.07626019588444173,-0.0052822776512952635,-0.000559690348320796
0.08513809253877037,-0.005748695089304576,-0.0010872751703761006
0.09415322203353584,-0.006164929798396241,-0.0016465130883637116
0.10316869271631625,-0.006534552595825436,-0.0022329621757162742
0.1122914714667905,-0.006851804428530257,-0.0028485247164270525
0.12126923009772565,-0.0071251368249663225,-0.0034883019726579703
0.13041570050076357,-0.0073399106761727504,-0.004159543203033103
0.13918757430945147,-0.007514980988922409,-0.004852782417974847
0.14834820386952643,-0.007615693039646187,-0.005583771913468267
0.15667513324127635,-0.007686066920985354,-0.00633107705492971
0.16594576601413072,-0.00764779851428665,-0.0071267881535100695
0.17342142824741005,-0.007603594959409861,-0.00792346554035378
0.18312579196841994,-0.007380877956326471,-0.008786380285586143
0.1889630979586486,-0.007215968585865397,-0.009614685115533504
0.19986036813040461,-0.006733872885921199,-0.010541825679726856
0.20246650922415294,-0.006464718451618531,-0.011360731672359261
0.21631798342247358,-0.0055991193307416915,-0.012343740130087665
0.21257950262063727,-0.005299144559984643,-0.013074870461377524
0.23330737942147783,-0.0038353901020118488,-0.014104342056148729
0.21690223748162427,-0.0037117491464725943,-0.014608535998770591
0.25264566036323477,-0.0012710885407314207,-0.015687382253911458
0.2105579506483987,-0.0018231821185033124,-0.015726912653535416
0.2781547915790214,0.002298095680782855,-0.016894329778164446
0.18431625766665044,-1.3803440765445521e-05,-0.01601001927577982
0.31884929321551686,0.007155934193308388,-0.01716767510182431
0.12172985030196555,0.0008123684922304329,-0.013782242488405903
0.39465603173423164,0.013519421486406917,-0.012826241759772854
0.0,0.0,0.0
0.0,0.0,0.0
-0.004009263907496397,0.0017721535838138417,0.0009923347658810703
-0.0007364213005981152,0.001539240761416462,0.0015930772747965007
0.003417575618097425,0.001048746857134863,0.0019592942043753824
0.008260581273199214,0.00042666270615071864,0.00216938916585936
0.013801829266960424,-0.0002797652595622958,0.0022514361395437207
0.02002322895231788,-0.001033975690533168,0.0022171080659901246
0.02688359680962195,-0.0018054550061916046,0.002076080129507056
0.034317463015192354,-0.0025699251650889822,0.0018399362650168508
0.042258156034229735,-0.0033087710226744277,0.0015214043957797684
0.05062158749841384,-0.004009487219788675,0.0011336222116605196
0.059347067389341375,-0.004663431319646086,0.0006881011474685949
0.06834438976585165,-0.005267009277783854,0.00019537474072479972
0.07758310950455934,-0.005817231690663081,-0.000337423952698514
0.086959102574092,-0.006316077078165296,-0.0009034314929114373
0.09650213781460508,-0.006761511580035391,-0.001500673485133998
0.10605521746878391,-0.00715950239097138,-0.0021246369080534823
0.1157639219968554,-0.007504051160581602,-0.0027786527581572257
0.1253272853451356,-0.007806523835581761,-0.0034576907734868733
0.1351369920053723,-0.008049812843056002,-0.004171486082481956
0.14454238128913158,-0.008257371625572402,-0.004909656338059922
0.15446577314633358,-0.008388138243098638,-0.005691951042633667
0.16345676441537252,-0.008494894146763287,-0.006494199602664236
0.17361823276108185,-0.008485520765060253,-0.007355043618657875
0.1817458977105655,-0.008480343465827721,-0.008220812849888775
0.19252521329569683,-0.008278569569777947,-0.009167783462265135
0.1989211498632355,-0.008152366286558544,-0.010082406182362851
0.211179256269495,-0.007670910388481908,-0.011116869169746826
0.21407783855472365,-0.007436817897946025,-0.012039787680818256
0.22976198564406314,-0.006531460420170253,-0.013155944062109372
0.22572999737388755,-0.00626113171953991,-0.014004574618014187
0.24915590273835359,-0.004684238554204178,-0.015192760764751427
0.2312947340026435,-0.0045891836684888426,-0.015815735978450506
0.27135936115848525,-0.0019104722709407584,-0.01707407235165575
0.2255015694584687,-0.0025157488564568837,-0.01720709320596786
0.30041400029099163,0.0020437243246701226,-0.018560242515669227
0.19822139862307633,-0.00042487882248111686,-0.01768098895232351
0.34571239954320354,0.007492818114454823,-0.018961148316608643
0.13139271285128798,0.0006908930248850764,-0.015271832579936667
0.4283725646778853,0.014614887087656672,-0.014046149136269599
0.0,0.0,0.0
0.0,0.0,0.0
-0.005555050380553254,0.002165042647163614,0.001254228271066956
-0.002337571386056857,0.0018859430961173365,0.0020200366507490274
0.0018697096054616914,0.0013016923384976888,0.0024890466122903577
0.006816790428117125,0.0005676572556512929,0.002757199212417021
0.012503161151324613,-0.00025612150771461893,0.002861849553652327
0.018905272092576014,-0.0011242143064561624,0.0028219253591916585
0.02598074201241045,-0.002000214160124038,0.0026541816243479044
0.03366235583991065,-0.0028566434416931585,0.0023770497801015303
0.041884595924509285,-0.0036737093446014956,0.00200915444176132
0.050559473786841246,-0.004439501697692938,0.0015683301606720123
0.05962866782426901,-0.0051467658638798906,0.0010692312040567749
0.06899421146863245,-0.0057942875183957555,0.0005244891612485765
0.07863342006194272,-0.006381074253013932,-5.804025924018831e-05
0.08842827773797092,-0.006911936441452275,-0.0006710686628660155
0.09842845121023189,-0.007386128316930737,-0.0013134790523150679
0.10844846454686125,-0.00781252567913149,-0.00198098236349285
0.1186765368030155,-0.008184853170374946,-0.0026788674914028014
0.1287506483573308,-0.008517964846147951,-0.0034021647877945657
0.13915179888778462,-0.008791872464210395,-0.004163722659903613
0.14910171303774938,-0.009035440311585563,-0.004952269777889657
0.15970539787785254,-0.009200234185569879,-0.005792399894527384
0.1692486208657418,-0.009349151370595518,-0.0066569991804798475
0.18020399458918762,-0.009374413081723355,-0.007592519171312162
0.18883768319238006,-0.009416319173769509,-0.008538477137707867
0.20057801726754698,-0.009242481004641529,-0.009584105320153599
0.2073382006551714,-0.009165017983541131,-0.010601895138708975
0.22082758101176297,-0.008691283060254,-0.011765784085849173
0.22375494245622496,-0.00850370056220203,-0.012817489821828818
0.2411331665101479,-0.0075639742702957235,-0.014098800443785767
0.2364464956899709,-0.007335750685457161,-0.015099010850909587
0.2624574769217071,-0.005646908680666138,-0.016488991997307273
0.24266922456195383,-0.005593908428164044,-0.017272724710937517
0.28708196788432705,-0.0026702993344632497,-0.01876220970114696
0.23690237753462576,-0.0033439509245758326,-0.019030394579556697
0.31952838143243784,0.00167385410433614,-0.02061888161963349
0.20842273859853128,-0.0009695551283515048,-0.01976277873480887
0.36992221140577536,0.007731537344544616,-0.021186119278564293
0.13806704749222612,0.00045912741943263786,-0.017128356501105287
0.4604747806996501,0.015610878931832672,-0.015578200757760704
0.0,0.0,0.0
0.0,0.0,0.0
-0.008390961652938223,0.0027230856461071787,0.0015483838979404843
-0.0059256097463948635,0.0023772442519984574,0.0024932209699900618
-0.0021923203954049356,0.001656573587011136,0.0030671884085248682
0.0025268578570999158,0.0007620365408995316,0.0033896155237641474
0.008225403915883393,-0.000224731946490055,0.0035108240611737003
0.014847186829089042,-0.0012438897297619056,0.0034590638134177625
0.02230411269594337,-0.002250782670316168,0.003259161450238721
0.03047902278399029,-0.0032150158796886395,0.0029368011553403397
0.03926751847210503,-0.004117480224329449,0.002516644493431691
0.04854863476154741,-0.004949389790123076,0.002021316321557508
0.0582510652386611,-0.005707252871834743,0.0014686622833427294
0.06826066061899524,-0.00639426412597698,0.0008734811774393546
0.07856368624322917,-0.0070127756764974325,0.00024430699689206886
0.0890277116770465,-0.007571504385024464,-0.0004111534974429435
0.09973039992366575,-0.008071416042318607,-0.0010928335436945174
0.11045620855781817,-0.008524883149268242,-0.0017967078849271173
0.12144832140101684,-0.008925228020315566,-0.0025303523739426638
0.13227615098590065,-0.009291374022596097,-0.0032888317257510065
0.14352928980575613,-0.00959991569574639,-0.004088601217885486
0.15428425559156297,-0.009886045401049457,-0.004917311147515299
0.16586158950689917,-0.010092869670414225,-0.005805173466959571
0.17624795133001428,-0.01029500921971314,-0.006721643521316134
0.18834250996814017,-0.01036700742116267,-0.007722245675892487
0.19781557915551254,-0.010471918690871313,-0.008738662799930227
0.21093820152304096,-0.010342008982297918,-0.009875191531875778
0.2184513015345811,-0.010334010446766045,-0.010988381782026449
0.23370124181622506,-0.009886551022089282,-0.01227744754910341
0.23710654835625652,-0.009769728478398654,-0.013453480846941476
0.25684499447420095,-0.00881307503076468,-0.014901195599670512
0.25198410771273266,-0.008651068427547723,-0.01605316686489452
0.28139263553989247,-0.00685843779682007,-0.01765415822416458
0.2600904159348017,-0.006863597281605837,-0.018604895998713313
0.3097858170836389,-0.003678503165046525,-0.02034611642149703
0.2553956931443265,-0.004416798213461045,-0.020763085968072977
0.3467217547064455,0.001123594336573702,-0.022621850968639643
0.22601250805291367,-0.0016658923504578134,-0.021806489625885328
0.4025924008418508,0.007957881635144807,-0.023411338794607477
0.15059751962831075,0.000222698525489434,-0.018984341343028305
0.500883525724342,0.01687695624299385,-0.017088622694076818
0.0,0.0,0.0
0.0,0.0,0.0
-0.01082161131787524,0.003330034905745113,0.0019763672547322975
-0.008501606282388406,0.0029060595709037504,0.003187599310115538
-0.004766827808358043,0.0020328843184729507,0.003916940501003324
7.53696184107566e-06,0.0009625516549324627,0.004312483770565748
0.005800506752330176,-0.00019955826508725994,0.004443944141697488
0.012553736248525346,-0.0013789191707157334,0.004356818199521252
0.02018593700915073,-0.002523092715738657,0.00409192310168804
0.028584247244194522,-0.0035992397950993095,0.00368868304334803
0.03764942715759059,-0.004589170699272662,0.0031821654097894205
0.04725409641850865,-0.005487447089449879,0.0026021546601090887
0.0573277396212609,-0.006294566773477489,0.0019704933932597024
0.06774048538079344,-0.007018612864748049,0.001304043357514029
0.07848620352641326,-0.007665682686141398,0.0006113550903915481
0.08940838927607948,-0.008249053420478459,-0.00010018270038881073
0.10061104164123102,-0.008771661380636295,-0.0008324398065236936
0.11183591735448704,-0.009250024252576946,-0.0015822639789661245
0.12338580289848722,-0.009676958340044837,-0.0023603308286177737
0.13474448388528057,-0.010076194450650625,-0.003162064012337214
0.14662504577646193,-0.01042033470672104,-0.004008371570529123
0.15793166171411402,-0.0107519920838617,-0.004885853527914765
0.1702318034608812,-0.011004550911391754,-0.005831481220679655
0.18116533005478097,-0.011266198274333618,-0.0068109441287294925
0.19411636050865158,-0.011391420461958537,-0.007890660731907726
0.20407374462982103,-0.01156922688111865,-0.008993559015509698
0.21825774209042345,-0.011492198719296687,-0.010242093100452323
0.22608589602115264,-0.01156720191776648,-0.011474850412298447
0.24273383598053133,-0.01115640663223414,-0.012921553764982233
0.24606328532001884,-0.011127284472435117,-0.014258401487301196
0.26776184126544356,-0.010163743982659984,-0.015921591521200464
0.2620149275735479,-0.010088369935120434,-0.017278154774161985
0.29442535339270043,-0.008199267930208903,-0.019160253578383798
0.27072573093335794,-0.008287527109501824,-0.02034757714200142
0.3254774887556152,-0.004842129638880429,-0.022430340912985756
0.265911267394759,-0.005676513085918317,-0.023070978879639385
0.3662587195615797,0.00039626696351501294,-0.025292314297583898
0.23517496349694877,-0.0025764806147891527,-0.024557005389635057
0.42817077575985346,0.007988546311666485,-0.026389036182637077
0.15626236115270584,-0.00021984973760442712,-0.021488600639321658
0.535841623170469,0.017873978494925707,-0.019167861323857567
0.0,0.0,0.0
0.0,0.0,0.0
-0.015747482220758155,0.0042320139943572265,0.0024395554901843683
-0.014985246295336603,0.0036839267243710433,0.00392410569955393
-0.01226928076497904,0.002568592401053403,0.004796369851452688
-0.008009009930560721,0.0012251318959524533,0.005245216779336316
-0.0022533076690531735,-0.00019759995465618577,0.005367963662945809
0.004851315633320802,-0.0016000202863320568,0.005231274093351309
0.013113373469258878,-0.0029197261047486044,0.004892826698904995
0.022312629437279016,-0.004124833638175299,0.0044052063584641135
0.03227195445566378,-0.005203920322127767,0.0038129676865746856
0.0428055766038736,-0.006160952376453889,0.003152338817451098
0.05382133517489072,-0.007005257356289181,0.002448670608364954
0.06516621252715327,-0.007753301440536684,0.0017206133255416155
0.0768490239257388,-0.008416906330398669,0.0009764570871287427
0.0886940918769419,-0.009015208418507389,0.0002231116613918705
0.10084719705251728,-0.009553410710328815,-0.0005435384651845894
0.11300892476796091,-0.01005269048192219,-0.0013213025937101831
0.12556087738142396,-0.01050494819191065,-0.002124340277566337
0.13789335803131558,-0.01093933626047292,-0.002948361700681455
0.15087034420533565,-0.011323631597797843,-0.003819276024107578
0.16320144873466078,-0.011709080144377007,-0.0047222918893466284
0.17674657139464414,-0.012017894235191479,-0.005702078196579399
0.18875258731937453,-0.012354114601709772,-0.006719747014002413
0.20316760080156035,-0.012549568039476629,-0.007854336968934277
0.21421036863898607,-0.012823269460920717,-0.009018309578305683
0.230190300752832,-0.012823267263005348,-0.0103554984580306
0.23903819169013366,-0.01301335627162214,-0.011683095735223682
0.25800511752998523,-0.01267010739085178,-0.013267291107370103
0.26209429448550925,-0.012769541635224192,-0.014742713991104654
0.286927292962025,-0.011832909050941327,-0.01660786143339397
0.2812492589552179,-0.011889284510796858,-0.018151740706405208
0.3181262792853025,-0.009928679458417316,-0.020313255162759548
0.29297633300765696,-0.010135961771760973,-0.021728748901644012
0.3544850467150141,-0.006419803997684821,-0.024171582003503278
0.29029222703824936,-0.007351452608582103,-0.025042569748198382
0.40138209207402603,-0.0006545615227147967,-0.027675510455372476
0.25914165863331573,-0.0037552495280050264,-0.0270452946980018
0.4701597757515515,0.007986579121630748,-0.029173849291320025
0.1739808991857132,-0.0006584283364893456,-0.023826641416701797
0.5866993470792561,0.01938931461177503,-0.02106990426250676
0.0,0.0,0.0
0.0,0.0,0.0
-0.019243762942678357,0.005147346750465599,0.003163957006553171
-0.01852218094941178,0.004455304075732694,0.005088907148326133
-0.015677506814534385,0.003078273171879821,0.006189937766431814
-0.011288019343884178,0.0014499696472581626,0.006709525630264392
-0.0054288847551953855,-0.0002363907429821281,0.006791135870204266
0.0017673298373945274,-0.0018593867717823051,0.0065433313595333695
0.01014420148196504,-0.0033499654513863197,0.006058616862479851
0.019507868556281747,-0.00467885916968458,0.005415198462729597
0.02969915644063421,-0.005841590920367018,0.004673857377186649
0.04052497620388156,-0.006851269097752187,0.0038796415267271776
0.051891832440178816,-0.007725822045000087,0.0030610891116842633
0.06362004015352843,-0.008490364026657694,0.0022371039481806
0.07572573569333238,-0.009162728299609683,0.0014137655727297295
0.08799628929829949,-0.009768596883700608,0.0005957615524994538
0.10061309174294214,-0.010315626519459126,-0.00022486773870496014
0.11321632574662788,-0.010830377667684035,-0.001047977115909521
0.12627062997684252,-0.011303570452523217,-0.001892341570544097
0.1390490376925112,-0.011770681067936871,-0.0027544458736248802
0.15258517291247506,-0.012193817330246765,-0.0036662241594377742
0.1653566131826842,-0.01263434028833656,-0.0046115007371884
0.17955724279104285,-0.013001556897642584,-0.00564405197060046
0.1919744285707627,-0.013417992079992634,-0.006719871186591719
0.2072001081511256,-0.01368953411050992,-0.007933117588133714
0.21856075549592127,-0.014069899233864154,-0.00918431181734158
0.2356037324787419,-0.014156544184557389,-0.010643424532208592
0.24455218128233355,-0.014478446997877715,-0.012102914569351185
0.26500786270850374,-0.014215611816035487,-0.01387438755211666
0.2687209918089696,-0.014467153995646983,-0.015543631562375575
0.2957508891088575,-0.01357243888525857,-0.01768749546054098
0.28871018275411336,-0.013792792294849927,-0.01950142830521792
0.3290523514287173,-0.011776965387541543,-0.0220581850158822
0.3006962761941413,-0.012148626806686559,-0.023818409746577954
0.3681367951987043,-0.008179137523992661,-0.026781471430349896
0.29743542882676266,-0.009273179153548547,-0.028020648013841954
0.41925988858583985,-0.001971012005348497,-0.03124570529564387
0.2645827916930691,-0.0052812867858354155,-0.03080904228548529
0.4952724453052463,0.007601310541748412,-0.03334369567740292
0.17633469839081758,-0.0014911979186336601,-0.027377886102186378
0.6232731351186667,0.020257508667987416,-0.02407180143965189
0.0,0.0,0.0
0.0,0.0,0.0
-0.027806834392848732,0.006611360117947133,0.003915245438970205
-0.030097499346052985,0.005664778817570066,0.006259444464343439
-0.029139044996221823,0.0038282426147397694,0.00753479562008783
-0.02556531822281651,0.0017151986996253787,0.008066524859532064
-0.019579591069877382,-0.0003934892624281605,0.008063008157342602
-0.011562868466445267,-0.0023383998619905724,0.007680361759873445
-0.0019354188947817463,-0.004047428785069133,0.007043540919042552
0.008887869366321506,-0.005507667370858153,0.006251493651672343
0.020606481072229774,-0.006737238483274707,0.005376934763896622
0.03293904958216481,-0.0077714316677526115,0.004470908618232951
0.045768423027106445,-0.00864550705430369,0.003563507310864642
0.05889299668004991,-0.009398345265200824,0.002673006687711392
0.07235990097717905,-0.010055976811333084,0.001802707879584457
0.08593779239309829,-0.010651575443797237,0.0009547625683698251
0.09987201591993297,-0.011194888232203031,0.00011704582270120522
0.11375069416511024,-0.01171790598097569,-0.000712400769669091
0.1281505761286837,-0.01220916291092441,-0.0015572291767785205
0.14222054296545897,-0.012710965453994487,-0.0024144852038431425
0.15720225564599202,-0.01317843881009289,-0.003322518083314411
0.17131351636302986,-0.013684657682194828,-0.004263178209470891
0.1871455782894919,-0.01412402559612088,-0.005300232554245828
0.2009644880985775,-0.01464092984014311,-0.0063832818698221295
0.21811935992721243,-0.01501178438915027,-0.0076236490128310415
0.23092051906304428,-0.015531314671218963,-0.00890719728106445
0.2503602741241388,-0.015739673671492798,-0.010434524416520756
0.2607172549331456,-0.016242006864911583,-0.011967635575568769
0.2843202989681254,-0.016108678281456543,-0.01387298022745593
0.28921872064650866,-0.016580162108342227,-0.015675776126343396
0.3205753982687945,-0.015788665641981343,-0.018050185599536403
0.31402469961640656,-0.016257155554736703,-0.020075068041103133
0.3605575117210425,-0.014244989164722166,-0.02299372271201346
0.33100795998407556,-0.014861485488104769,-0.02504835369965872
0.40765220063548907,-0.010650920184676407,-0.028531862861748424
0.33199383758518203,-0.011932995304336507,-0.030114715131185653
0.467915725393384,-0.003897963353789646,-0.033994691158360665
0.30010793312090955,-0.0073239092110012,-0.0337764829516839
0.5533795491286109,0.00711855617970183,-0.03684344154172188
0.2039687970949909,-0.0023221314443679407,-0.030345346696783713
0.6919658503862594,0.02215792178430683,-0.02650937480294458
0.0,0.0,0.0
0.0,0.0,0.0
-0.032380625291533134,0.007958192879298496,0.005210133822431301
-0.034072748587835176,0.006720421987750397,0.008304154201041405
-0.0324043739389406,0.004412589259872573,0.009892776758662567
-0.028362650597447442,0.0018345488203296216,0.010425279863966963
-0.022190013657258145,-0.0006564223874978743,0.010230557984596293
-0.014178482107160002,-0.0028798177987474716,0.009564781722203498
-0.004619361278200628,-0.004770896897457016,0.00862313055797208
0.006164054628235971,-0.006335358832741636,0.007546011170195888
0.01792087373349149,-0.007611598866966097,0.006425408953679688
0.030364612740113598,-0.008654032042360722,0.00531773484248766
0.043372697622076406,-0.009513045959563675,0.004250509336421654
0.05670217555724036,-0.01024048096665638,0.003236528930846371
0.07040662125665813,-0.010870284413052357,0.0022719936718660553
0.08420267845805884,-0.011443562287734691,0.0013531758499750303
0.09838339591694849,-0.011972083873366944,0.0004612736182433037
0.11245540236691255,-0.012493934144132244,-0.0004094548702074137
0.1271083406480225,-0.012994924898490766,-0.0012889019724907054
0.14133374791267034,-0.013525223109851884,-0.0021753663369248493
0.15660237824497303,-0.014031750465178882,-0.003114631897343898
0.1708203444250927,-0.014601270254579786,-0.004086634382480711
0.18702883722665192,-0.015110863165650874,-0.0051665752437320064
0.20087832502014794,-0.01573056988694624,-0.006297031324797996
0.21858372036547166,-0.01620260544356459,-0.007609451982714153
0.23125977458377886,-0.0168698493065381,-0.008973102988495326
0.2515572127724229,-0.017206083776465354,-0.010625710101318539
0.2614715480097529,-0.0179058174711083,-0.012293980490139163
0.28647213183575715,-0.01791279653785641,-0.014413097933212446
0.2902812176792962,-0.018632931743376907,-0.016436295296593836
0.32395250448832025,-0.01796076648050519,-0.01916305538988189
0.3150153258288556,-0.018724375274796933,-0.02152954996397381
0.36547952063973876,-0.01674103814470167,-0.02500215605171153
0.3311497380966462,-0.01768164149783857,-0.027546586287242134
0.4148187765781219,-0.013275297523015614,-0.03183973225991709
0.3302515633677416,-0.014878792450735081,-0.03402282439505363
0.47925973372084435,-0.006197046040343349,-0.038924993862626905
0.29567240511610876,-0.009924255123554049,-0.03912815305270741
0.573281146348796,0.005893532131887735,-0.043009813776829935
0.1975672943382857,-0.003920939979484627,-0.035696712511262225
0.7262412634935647,0.022566692775049798,-0.031197030576597475
0.0,0.0,0.0
0.0,0.0,0.0
-0.047768417672155915,0.010375401362734082,0.006496197083493636
-0.05527317268715105,0.0085636321108651,0.010227396862960913
-0.05685116015066791,0.005335118139594058,0.011959627721601319
-0.05371596361135407,0.0018832958466827544,0.012347384689437869
-0.04661383231302984,-0.0012719147192439158,0.011878796932973603
-0.03651919056940519,-0.003916979364201486,0.010908856166322076
-0.024323882887872756,-0.006024235795809332,0.009684917562063425
-0.01076831801876937,-0.0076600332336605485,0.00837068382197213
0.003678373558585815,-0.008919316814249722,0.007065130699582553
0.01863025741205955,-0.009899904108503312,0.005823344496693873
0.033966384929893526,-0.010680195652607864,0.0046671349188734095
0.049446747079148756,-0.011330285159111662,0.0036024664187000975
0.06519082991492192,-0.01189270630068937,0.0026179303674031327
0.08090852806984405,-0.012415627946845262,0.0017037828559455961
0.09698971926342946,-0.01291081225250649,0.0008346391932451788
0.11288098002144946,-0.013421335806813236,1.2263312018938167e-06
0.12942702106518544,-0.013928293360466628,-0.0008322829970448816
0.14545990601711242,-0.014489874869511525,-0.0016649185418596436
0.16273133814184396,-0.015042851180157185,-0.0025496299816970464
0.17880472393202457,-0.015689698178863447,-0.003463565599585073
0.19725714573033282,-0.01628748213804686,-0.004493537780426489
0.21304478101157387,-0.017036797989368548,-0.005573457315745768
0.23340882282522718,-0.01764080996907911,-0.006856378589184457
0.24809824730735747,-0.018500405746128466,-0.008191410890149568
0.2717301914781872,-0.01901336467546031,-0.009858124887571169
0.28366965913719866,-0.01998194686285693,-0.011539836217108444
0.31311658237691514,-0.020203606191440397,-0.013752737211407485
0.3187753952670221,-0.02128208734894678,-0.015859914153140482
0.35868995114378033,-0.020834275359539647,-0.01881508542127919
0.35092530980018843,-0.022047270618608276,-0.021372764830412633
0.41048306428420506,-0.02021631529729281,-0.025286112265169015
0.3754925058174268,-0.02165882998546459,-0.028165963395105194
0.47269986759338806,-0.017132452683778356,-0.03320412151337473
0.3829890439542242,-0.01916846803351893,-0.035865439809356116
0.5522281427283715,-0.009683211368797578,-0.041848554212901616
0.35287537219103765,-0.013590990523384658,-0.04245921608247225
0.6612449807161912,0.00436735505768109,-0.04738628407576264
0.24498287012738135,-0.00560154304519039,-0.03945947695857535
0.82828030111295,0.02507420958081951,-0.034402548941487004
0.0,0.0,0.0
0.0,0.0,0.0
-0.05295748017278844,0.012313277371903178,0.008989832781406009
-0.0578048008810697,0.009868620186540817,0.014013576612559413
-0.057001431959318054,0.005786116462896811,0.016072096104271037
-0.05258784502514968,0.0016237544129705638,0.01617685987200796
-0.045258429788181,-0.0020072215940925148,0.015137042819310597
-0.035588066775944616,-0.004916299781578649,0.013529001114485238
-0.024060265898312536,-0.007131180217627851,0.011720593984592588
-0.011167548495485236,-0.008771515891937134,0.009923212768894485
0.0027269774930289126,-0.009973609169450606,0.008241678724611757
0.017230968829794344,-0.010866039231592812,0.006718256953616014
0.0322046127657262,-0.011547551250547733,0.005356118537560938
0.047345267672603844,-0.012103020900537591,0.0041436228433971815
0.06277483386382861,-0.012582060702251829,0.0030540237108635545
0.07813457194819858,-0.013039735037343559,0.002066278799670349
0.09387437384635043,-0.013487334964315697,0.0011450948332957993
0.109335782590285,-0.01397337637532218,0.0002754219084133507
0.12550862760367812,-0.014473423261186764,-0.0005858195592703838
0.14102016598972594,-0.015054752537498016,-0.0014393793331274136
0.15791945035967023,-0.015642402044931614,-0.0023460148955453206
0.17335837942559387,-0.016356980975101597,-0.003280531504217723
0.19150673960164286,-0.01703233595163613,-0.004342216111813551
0.2064988472320548,-0.01790471586440384,-0.005456262128356976
0.22673655899744363,-0.018631563078003285,-0.00679970056419926
0.24034935977948935,-0.019682176455826886,-0.00820021633494832
0.26421074432921293,-0.020364675529796594,-0.009985891363585808
0.2745477023667273,-0.021609871762718405,-0.011791956717418377
0.3048967838232901,-0.022041779588132856,-0.014232934732442148
0.30794883421016483,-0.023502793124082218,-0.016567978339139977
0.34997212705263653,-0.023280664530505903,-0.019946415809863498
0.33767404970522785,-0.024999969098790913,-0.022904214190987576
0.40150344681316774,-0.02334178667373878,-0.02757198126603536
0.35849873443245667,-0.025413910132721387,-0.031111989553767913
0.46409323010623016,-0.020847878401521778,-0.03741137314647771
0.36062683732233214,-0.023583705380630534,-0.04102703122770224
0.5463724204207652,-0.013523519442834682,-0.04885016528559674
0.3248134690027197,-0.018048629056373472,-0.05033864408025827
0.6647279691148085,0.0014821624429898824,-0.057070379817913665
0.21702398275266033,-0.008763977008752232,-0.048093608420567126
0.8499059601924186,0.024202451890462644,-0.04247366536896517
0.0,0.0,0.0
0.0,0.0,0.0
-0.08246379411425943,0.016495873420296632,0.011367630625579883
-0.09859225260367108,0.01270082838181609,0.01727141951056012
-0.10280477366156661,0.006778566238133718,0.019184307623387836
-0.09828886816968613,0.001132385016141701,0.01869732005443442
-0.08747811278884286,-0.0034028154775987466,0.01698528484543244
-0.07269608850200605,-0.006704158622042489,0.014790314340585727
-0.05565960847239809,-0.008965104595262363,0.012530582998828494
-0.037525982442249056,-0.010462687408806688,0.010416347334661461
-0.01889416088000919,-0.011443878211456414,0.008533040304349976
-0.00018416326738928602,-0.012103062157664499,0.006899837721649161
0.018558618316674422,-0.012571136582047043,0.00549837528488084
0.03710662842137319,-0.012947720592640056,0.004299328090521284
0.05571113540145759,-0.013284622547602485,0.003261692150241088
0.07403771113049147,-0.013638496594981477,0.0023543208939707273
0.09267650324672283,-0.014015071165880553,0.001533591487628538
0.11090906574885535,-0.01446517713853841,0.000779907091513849
0.12992900672826554,-0.014955576843723022,4.466178245936585e-05
0.1481707428165931,-0.0155621186955474,-0.0006735216311103623
0.16804657034977802,-0.01619559135708039,-0.0014413513391276316
0.18627356856074795,-0.01699699285111765,-0.0022302841439807656
0.20772221110729014,-0.017773720687246995,-0.003150138095333442
0.225621840846417,-0.018804118541023276,-0.004116111039407336
0.24974553221035273,-0.01969375520003962,-0.005327638018871255
0.2663959833204964,-0.020994566126853426,-0.006588279646142323
0.29513325370004556,-0.021911782245630066,-0.008275194864192155
0.3085752870991512,-0.023533975901275057,-0.009968247940334903
0.34548032556499814,-0.024282600351533134,-0.012388303030974388
0.3515030884398055,-0.026295485906649887,-0.014670728963527389
0.4029194573618392,-0.026467453042227165,-0.01818989096792161
0.392907500299729,-0.028964432018503065,-0.02121251862693493
0.47081989518155465,-0.027715518742062142,-0.02633157593528785
0.42805972135736076,-0.03079552812480427,-0.030142452972887278
0.5551828399694954,-0.02641706790777848,-0.03744228069662229
0.4465012013355685,-0.030218869475508246,-0.041628194677625165
0.6646995236485888,-0.01946782110751196,-0.051248037437328364
0.4234604302005258,-0.02461424696933775,-0.05342983231097325
0.811313761046442,-0.002144317772859108,-0.062359133944695534
0.305104844904327,-0.01234030831162306,-0.052737021872721564
1.0202962967855258,0.027700400599092685,-0.04690879704684625
0.0,0.0,0.0
0.0,0.0,0.0
-0.08677850363546694,0.01943648981069991,0.01655235323795426
-0.0941113399572085,0.014392505737611057,0.024559458573961843
-0.09176918918852604,0.007212907798148689,0.026401642922917936
-0.08466856777232078,0.0008419879435465944,0.024778992366406315
-0.07431086320494461,-0.003944683260666908,0.021657289911586088
-0.0615112555537036,-0.007202550293063732,0.018188320609169015
-0.04688200767464633,-0.009267961598204692,0.014928947484653374
-0.031056372214342667,-0.010507141079322328,0.012087544311848782
-0.01448153654383175,-0.011217648147657125,0.009696491024949017
0.002378826821857423,-0.011622424986599999,0.007715792652499062
0.01941809814861283,-0.011865875522948178,0.006078097112506241
0.03631134283829145,-0.012054618551103834,0.0047182430889998045
0.053298314972213934,-0.012239727781694467,0.0035701335517453825
0.06995736904822843,-0.012478695592119999,0.0025859255095841503
0.0869429740414322,-0.012771110262668334,0.0017101872189607692
0.10340785434697483,-0.013170379640258752,0.0009162230777900529
0.12071289686402478,-0.013633720327572554,0.000149008459563084
0.13704021245070108,-0.014246476965248847,-0.0005949786844728852
0.15515779252218123,-0.014903607018359055,-0.001388241130597959
0.17126668892269753,-0.01576886001195684,-0.002200465394872485
0.19097138332998703,-0.01661956032550648,-0.0031513310636870568
0.2064477981162472,-0.017781708906015447,-0.004148140150353755
0.22895951843016202,-0.018800632489930212,-0.005412247859822038
0.24267433276380965,-0.02032366464883475,-0.006725618194798234
0.2701507721942458,-0.021434365053537636,-0.008516477794689718
0.2797347371268115,-0.023407800203578015,-0.010310759930708232
0.31615310044154216,-0.02442205887946518,-0.012947425862218196
0.31660907727019466,-0.026973680479326925,-0.015432596366748848
0.3690906332570896,-0.027480085460327663,-0.019407401340663977
0.3503071371921719,-0.030784728876445917,-0.022838431366822124
0.4322620070438875,-0.02990120548804745,-0.02890206570183294
0.37494832025340513,-0.03415074907622194,-0.03351513990850797
0.5119391546322654,-0.030037039920662353,-0.04268981060328202
0.3792945969814216,-0.0354033650478913,-0.04830690558188558
0.6190898431294146,-0.02445331122340377,-0.06124497832879144
0.3415887486303287,-0.03128530039633531,-0.0651965384134422
0.7729257759724733,-0.007452377960337032,-0.07835175192445647
0.22519470861776242,-0.018295160248505936,-0.06756826318265084
1.0035498010824722,0.023784644874715825,-0.06241381618001431
0.0,0.0,0.0
0.0,0.0,0.0
-0.14896746151086682,0.02782689130966003,0.021117144028726012
-0.17724080328773625,0.02004251329350102,0.029823846951943137
-0.18035789565769864,0.009842448691535596,0.030470246733084246
-0.16816690029655174,0.001655128961044524,0.027280040786191073
-0.14742743964804597,-0.0037260430989315522,0.022859280085034284
-0.12289684757788284,-0.006781046999860287,0.018498582969054957
-0.09725231729559702,-0.00827159260558005,0.01470512608909351
-0.07182806244101902,-0.008845133669122844,0.011596310084556909
-0.04705434061475779,-0.008940262514308002,0.009122686119310943
-0.023147343603417466,-0.008831888318140245,0.007182390400592514
9.377891303019374e-05,-0.008669783531570035,0.005664853498145969
0.022560899307793925,-0.008550125329963174,0.004475956441229816
0.04471918439913815,-0.008506429548655454,0.0035311244703326093
0.06622754022175881,-0.008584174708534275,0.00277097729088654
0.08793026907676048,-0.008767512293719209,0.0021334225984960802
0.10893706284154424,-0.009106656768951971,0.0015880578695018316
0.13085716963883315,-0.009544834341003589,0.0010779982526765873
0.1516651030937378,-0.010175344092782965,0.0005995064421248882
0.1745641842606812,-0.010874661163201044,7.931810729071318e-05
0.19524973252700206,-0.011831155489923853,-0.00045003674127803154
0.22018139896527333,-0.012789012841328357,-0.001111233401578938
0.24043327615333557,-0.014128838005637249,-0.0018051542705641833
0.26899977453033047,-0.01532927804226875,-0.002764600113256155
0.2877275283726794,-0.017150478075445952,-0.003754091286925009
0.3226989324728833,-0.018538541253078016,-0.0052367817050764705
0.33746578809241284,-0.02099552594715137,-0.006691781799025488
0.3839070748630443,-0.02241709798829387,-0.00905355117049914
0.38945677268476964,-0.025748434759235602,-0.011205940347365165
0.4564649386708362,-0.02683400607731624,-0.015034311265888074
0.44199209903529263,-0.031384559906447326,-0.01819759423599439
0.5464592735513405,-0.031267097398867884,-0.02446692382983465
0.4909387923182743,-0.03742522051584624,-0.02901719381416002
0.6641322539503784,-0.034098823979161495,-0.039234962458055786
0.526134001099025,-0.04204559928253919,-0.045272654470990374
0.8237143005876407,-0.031058696515271118,-0.06091544292649071
0.5197474128869286,-0.0403954556377501,-0.06589478457195844
1.0397691144462708,-0.013037097328603323,-0.08358777622421709
0.3982510999062462,-0.024911844787032317,-0.07241438347030511
1.3277189512998264,0.029694274936312947,-0.06882972297598722
0.0,0.0,0.0
0.0,0.0,0.0
-0.14835600999419074,0.034367106110645,0.031984330354249614
-0.14918726274801178,0.025819774111043817,0.04332854092882933
-0.13694600969968693,0.015891912289982317,0.04222973133977233
-0.12204689000649682,0.008830987853431744,0.03597157135189176
-0.10565799923805011,0.004766962047335945,0.02872161408222855
-0.08789282115988642,0.0028946763710008356,0.022261771404858813
-0.06909019689249458,0.002374669470368804,0.017069845169741558
-0.04984951066587923,0.0025735614638388235,0.013076292423630034
-0.03057199308489342,0.0030859875687016627,0.010050507643708234
-0.011668424308222163,0.003667276371642609,0.007759847352765916
0.006894931122376961,0.004194304289755191,0.006010796284204558
0.02485149352706605,0.004591359150670904,0.004659233189954593
0.042615394038008986,0.004844390690038452,0.0035917425233001534
0.059733149291143595,0.004919540477748073,0.0027316662018843987
0.07709021294337137,0.004847222554620652,0.0020076418320913976
0.09364760275513066,0.004579635177329995,0.0013829930417893761
0.11116558866178157,0.004187130886775857,0.0007984447818881545
0.12734041772902824,0.0035679034998310644,0.00024754461125247695
0.14573040529111808,0.0028645342040559325,-0.00034300939353415516
0.16145990082667266,0.001863151456079567,-0.0009421533031117016
0.18176869609791255,0.0008553095422125564,-0.0016730812029138167
0.19653658610572877,-0.0005969830251079554,-0.002436430045088222
0.2204329316079423,-0.0018981945429515394,-0.003471091280878144
0.23279182351333677,-0.003930188114746151,-0.004534713294669086
0.2632466874772046,-0.00548208417530832,-0.006116089371481459
0.2700806224590947,-0.008309048110965483,-0.0076649109697435516
0.31263763509998416,-0.009975744812129267,-0.010199967524484948
0.30737489314043487,-0.013947341637066304,-0.012508026040097176
0.372162223904202,-0.015380489967626731,-0.016721868348935288
0.34142553917064294,-0.021040008463036504,-0.020215690704460904
0.44742325410912787,-0.021394661703391517,-0.027437395156637703
0.36542705753837446,-0.029475997714587518,-0.032781483174437034
0.5482437875704621,-0.02676808468702474,-0.04537098088111297
0.36624818723773017,-0.03797890952635086,-0.05327122087981774
0.6908880470395466,-0.027736279747908703,-0.07434174605112871
0.3199933993709148,-0.04201852712921892,-0.08258901952174584
0.9011607103863801,-0.015313681732844132,-0.10980878415697606
0.19401444930462472,-0.03164635672944641,-0.09820889165781237
1.206827700626994,0.021079759627144097,-0.10111790440414677
0.0,0.0,0.0
0.0,0.0,0.0
-0.29310364124878674,0.056688682741554426,0.03878463609685397
-0.32629031228731326,0.04571793485790682,0.048556051945112894
-0.31049559339322896,0.03430891632310493,0.04413227967410056
-0.27384802786026546,0.027980152575394497,0.03531787075124901
-0.230869509852155,0.025917991339795388,0.026609044983158733
-0.18853442479927202,0.0263392813676766,0.019524585311003415
-0.1491941775996176,0.027856039523492592,0.014238125680303018
-0.11320146031867323,0.02965561371284561,0.010455291273362149
-0.0800597217903515,0.0313495677283141,0.0078015965455924255
-0.0493377301166879,0.032776250281096146,0.0059590691997018315
-0.020343986198223064,0.03390049861228274,0.004687920215763359
0.007077962136274808,0.03471536406524311,0.0038200284915605523
0.0336856240615841,0.035258875379287666,0.0032328178435412675
0.059188276334398826,0.035529409694482185,0.002845599001492323
0.08471007196333454,0.03558460203047705,0.0025899763335496873
0.10921490184354876,0.03538671233712432,0.002429578005394036
0.1347397144346754,0.03502454823636111,0.002312936865713018
0.15880355854500036,0.03439015991687283,0.0022325510873079523
0.18543203861533966,0.033647455239414835,0.002127479455947692
0.20924893042025813,0.032556024601380164,0.0020230407941937653
0.23842385106002642,0.031445449509186374,0.0018157631091952208
0.2616643251679713,0.029814306845618917,0.0015904742899074016
0.29559394371660563,0.02833795640293851,0.001140180060492217
0.3169224006651945,0.025995117942539843,0.0006781718945171554
0.359459483024986,0.024170193483785893,-0.0002350469984628037
0.37572243935433536,0.020807381835860193,-0.0010986428256466538
0.43403928021223026,0.018720307939700292,-0.0028665578486656122
0.4383322285094787,0.013800928247194016,-0.004392198201776116
0.5257722010660739,0.011712338561472949,-0.007763283024848656
0.5037232728878567,0.004328549428231667,-0.010392603976689905
0.6456606732318856,0.0029443251714786917,-0.016855539516292792
0.5688824080450743,-0.00829885005801468,-0.021375074067974658
0.8132814328228978,-0.007110878491367365,-0.03387450553809458
0.625887255336335,-0.02388664778597545,-0.041447087673672584
1.0595590678533224,-0.01516720492313795,-0.06471290675654519
0.648954407456759,-0.0379916802259917,-0.07405523355168188
1.4206295774838567,-0.00906349322095621,-0.10807282747100594
0.5441207587988431,-0.03533391644096113,-0.09776384917556391
1.9097743366139344,0.03808298267268488,-0.10700686843962602
0.0,0.0,0.0
0.0,0.0,0.0
-0.2672654799537544,0.08019505162862046,0.057463269133825656
-0.22138090045505263,0.07857357259670994,0.06798335883415671
-0.1806177750228114,0.07819435830438753,0.05828907030186476
-0.15150161437902915,0.08057313408865147,0.044082875572409135
-0.12693700933699892,0.08418332038050515,0.03160414228717698
-0.10374177987007266,0.08804895054855745,0.022296525969832125
-0.08131224408984807,0.09165148851905329,0.0158027470453351
-0.059899857913787394,0.09475146605157625,0.011369660324103822
-0.03959648468994711,0.09728564301456395,0.008337770174504757
-0.02053690867641363,0.09927109668498292,0.006237589691104344
-0.002416704175358866,0.10077544806116792,0.004756834829519298
0.014648563693747408,0.10185259366160793,0.0036938803728822603
0.03125783903371478,0.10258068735354633,0.0029130773101578465
0.04696600398230243,0.10298134228486826,0.0023271526313278688
0.06283851798042552,0.10313148464592062,0.0018681618147353756
0.07769568110293779,0.1029997834852768,0.0014973730692524497
0.09359571130352262,0.10268854603842156,0.0011682324115126152
0.10785158333285168,0.10208435448167738,0.0008692246471559606
0.1246383805785705,0.10136841836624909,0.0005486610305019063
0.13819364875173407,0.10027902918045832,0.0002228788793800689
0.1571087866403901,0.09917897776788265,-0.00019504494990255078
0.16927971146532186,0.09751481944153954,-0.0006385826390736563
0.1923737252801119,0.09603464292570794,-0.0012857210183490546
0.20130480771863402,0.09359823957051214,-0.001957038084277347
0.23235372025775033,0.09175386753578593,-0.0030447381278639954
0.233977981921868,0.088177211058008,-0.004104216581661172
0.2802693843670952,0.08605301224657293,-0.006026557940655951
0.265907836005654,0.08066871566708814,-0.007740542956458062
0.341385827597535,0.0785247056546659,-0.011302815467382332
0.29300249611986917,0.07013396805702382,-0.014165615471554444
0.4247472777035028,0.06865647259081564,-0.021126228006897355
0.3063448727264186,0.055179811177912826,-0.026161408831488958
0.5466975157161001,0.056041777614919554,-0.040476326873212544
0.28841826986025865,0.034135467156077556,-0.049671389215195164
0.7353881051669009,0.04124929756463662,-0.07921197878055757
0.21031688670359572,0.006813737536858096,-0.09292553992273436
1.0353107015966236,0.029104381733773617,-0.14427376172763165
0.055143589019581045,-0.017519450923024076,-0.13643106916744088
1.4811510598528572,0.03432230438511986,-0.17289018730524014
0.0,0.0,0.0
0.0,0.0,0.0
-0.6220254565818973,0.15177290313484063,0.05304467300497777
-0.5993620142147058,0.15844494218996688,0.05639214307117962
-0.5107520586564301,0.16684733560167725,0.044591879524567286
-0.41698323483919075,0.17822008832447295,0.031090659821463813
-0.3348776893583828,0.18929221973051544,0.02024355770318622
-0.2664475224970513,0.19851400490481103,0.012736952031610037
-0.20909764983406726,0.20563410560401005,0.007963603424427902
-0.15990996615972822,0.21093970147000748,0.005094441593465736
-0.11648148652396462,0.21483620174123255,0.003458316036143171
-0.07732286548523953,0.21766639414495437,0.0025989316232855777
-0.041097232967752736,0.21970123842611147,0.0022303340607127938
-0.007291336307030457,0.22111387262606128,0.0021753578085221773
0.02515581535633127,0.22205439325543658,0.0023267955659837243
0.05605875938461763,0.22258436092110728,0.0026134092750268703
0.08678125750458096,0.22280954953053597,0.0029933109824514465
0.11621762012698712,0.22270968193440496,0.0034310054100535484
0.14673908240427547,0.22240443123397396,0.003910654581319362
0.1755468418718812,0.2217751773975002,0.004406455373977272
0.20731160698054296,0.22102342830307561,0.004915787190628731
0.23582947159120254,0.21986271672409108,0.005409970440384473
0.2706666535773004,0.21869406452293047,0.005894634820928044
0.29857031329827227,0.2169019103901913,0.006329832062874509
0.33930589164437697,0.21531908183438977,0.006723261074386619
0.3650285918895942,0.2126605675072,0.007020619080814437
0.41668532105755723,0.21066897159043074,0.007208884376616716
0.43626352952414504,0.2066844867076686,0.007235189550274732
0.5084479013667909,0.20434233849649214,0.006983494181687794
0.512865749598618,0.19814871553846602,0.006486868786260762
0.624388827648995,0.19565536975640957,0.005259909593108354
0.5941744194418095,0.1855373681798463,0.003723868011455138
0.782964433221303,0.18342946688199305,0.00020805474115709191
0.6776905999553535,0.1660523468529732,-0.0035207857606438346
1.0211506612089034,0.1656681145824443,-0.012675404208517389
0.757572552039833,0.13471592890552753,-0.021102694533972392
1.4121876597213077,0.13964828340803545,-0.04360978006493542
0.815540939097758,0.0846891245773977,-0.05912584889757516
2.087546633322589,0.10713932614453024,-0.10428469836644073
0.7522295669457691,0.01843692718396726,-0.10654779664662535
3.203949437892349,0.10393063369156867,-0.14288789358080822
0.0,0.0,0.0
0.0,0.0,0.0
-0.4240482591891822,0.2454866179112587,0.06836849937137782
-0.2454071665410805,0.2989992411234753,0.0671020695197812
-0.1697819817193016,0.33839408733337356,0.04933805111275416
-0.13304484256984644,0.36484347226159325,0.03275488771638999
-0.10702336281904726,0.3821496246985585,0.020985138661484402
-0.08483501778342026,0.39365570638315545,0.01345290668837676
-0.06514849702373787,0.4014748255407329,0.008819148390500285
-0.04767109571127999,0.406885545459742,0.0059797983080661105
-0.03200680143243652,0.4106827543391804,0.004212128702380776
-0.017916674502508192,0.4133600926284938,0.003084228115473614
-0.004901957001024183,0.41524627434423195,0.002347562115874076
0.007060845018525294,0.4165379347033547,0.0018558326276175078
0.01857248910370332,0.41739202024430216,0.001523674711807542
0.02926014093305055,0.4178742381532479,0.001294184269710756
0.04009063971334976,0.41808760101690184,0.0011350714187930095
0.049993501857687514,0.41801502529081397,0.0010168206711392742
0.06082624783104205,0.41777023973631655,0.0009280452284155567
0.07012951249769188,0.41724229491963016,0.0008453551042344136
0.08170783789973267,0.416622817137894,0.0007690124686955369
0.09024664874308237,0.41564142995956493,0.0006712347653386798
0.10367119576982947,0.4146815978137622,0.0005613057299170355
0.11070585851132791,0.413157822408424,0.00039934104545539574
0.12788484315127827,0.4118718867267759,0.00020006631346623023
0.13151425448607235,0.4095901241109113,-9.146162039247723e-05
0.1561161347621114,0.40800434739145514,-0.00047341732610700247
0.15213675050301861,0.4045321895888844,-0.000999289746147073
0.19154468012219172,0.4027421885289967,-0.0017570574192505586
0.17081911557617205,0.3972260699790524,-0.0027081740449093634
0.23994458081300593,0.39550435756345825,-0.00430238271291241
0.18282050638771544,0.3862253456165322,-0.006067988367658409
0.312365400772564,0.38524540324359385,-0.009723381247142069
0.17723755447473555,0.36864644312480943,-0.013216891396806757
0.4308757286380217,0.3698622723239711,-0.022469320156720655
0.1302862670479735,0.3382888904598085,-0.02995584393336705
0.638616797586507,0.3441889127310426,-0.054894470731811223
-0.0027951134564399567,0.2809347262530168,-0.06961926287337411
1.0134549100135761,0.293497641647373,-0.13337308836733913
-0.24210950222955657,0.16757693029790033,-0.13632588657343414
1.6170101090780065,0.1769774389107223,-0.2565885275631664
0.0,0.0,0.0
0.0,0.0,0.0
-1.2829354017402217,0.5071997558567602,-0.009948852801768299
-0.9982448741567217,0.5604074479951326,-0.0013880740273082921
-0.7461135241386654,0.5970113878332048,0.00027628206909293654
-0.5687812161671084,0.6252574938477906,-0.0018416280341038654
-0.4432329558706541,0.6446478437218099,-0.003985384725116524
-0.3493005493292784,0.6571736831879655,-0.0050132869899452695
-0.2743538141514862,0.6651634455306576,-0.0050331087668257345
-0.21132650258349314,0.6703384396853951,-0.004419762130255753
-0.15610651251213573,0.6737794088458028,-0.0034665080234295024
-0.1064441135574478,0.676110017987369,-0.0023538947978318627
-0.06058612907179846,0.6777039656738967,-0.0011656278595336088
-0.017780844100972165,0.6787657874603672,4.441885787851522e-05
0.023239276019578967,0.6794497215375579,0.0012736483530858913
0.06238130555174839,0.6798141060599233,0.002491100755404588
0.10118329214064122,0.6799584334932107,0.0037314461004388745
0.1385191649710353,0.6798583761187317,0.004943663040309432
0.17700316369966634,0.6796293203793276,0.0062086223676137645
0.21364398610096708,0.6791515944712984,0.007416331376050823
0.253584190226825,0.6786267882360685,0.008737846275998266
0.29005195855294463,0.6777684640747392,0.009934480225944174
0.33365282100725324,0.6769860424672717,0.01136481605587941
0.3696936538158835,0.6756576210814618,0.012518366696472416
0.4203602895436449,0.6746467663565213,0.014145820885246324
0.4542860708238425,0.6726321558138375,0.015168255335868394
0.5181412071617253,0.6714513276971782,0.01715343670788689
0.5453277804205146,0.6683040199871727,0.017836046752332108
0.634286028664117,0.6671081870892114,0.020479167699271415
0.6436585034289577,0.6619024625754208,0.020347421995079412
0.7820297022401492,0.6610721741778636,0.02421202339805962
0.748468452823405,0.65181655869439,0.022202532797837446
0.9882833909246812,0.6522200665351305,0.028311768972546805
0.8557889736092404,0.6343800686407475,0.022007217358787558
1.3134917509747026,0.63784597379627,0.03203187955496646
0.9553207309843819,0.6002850523153845,0.015942117571974834
1.9072801695341726,0.6106557564238024,0.03232729905761327
1.020511329995743,0.5241073741962187,-0.004164017235266126
3.1827770087801572,0.553632060349669,0.024448355430127938
0.9215514826317278,0.3391638035858264,-0.03756777492368877
6.40023766150424,0.45822353915553843,0.028522074831967732
0.0,0.0,0.0
0.0,0.0,0.0
0.0,1.0,0.0
0.0,1.0,0.0
0.0,1.0,0.0
0.0,1.0,0.0
0.0,1.0,0.0
0.0,1.0,0.0
0.0,1.0,0.0
0.0,1.0,0.0
0.0,1.0,0.0
0.0,1.0,0.0
0.0,1.0,0.0
0.0,1.0,0.0
0.0,1.0,0.0
0.0,1.0,0.0
0.0,1.0,0.0
0.0,1.0,0.0
0.0,1.0,0.0
0.0,1.0,0.0
0.0,1.0,0.0
0.0,1.0,0.0
0.0,1.0,0.0
0.0,1.0,0.0
0.0,1.0,0.0
0.0,1.0,0.0
0.0,1.0,0.0
0.0,1.0,0.0
0.0,1.0,0.0
0.0,1.0,0.0
0.0,1.0,0.0
0.0,1.0,0.0
0.0,1.0,0.0
0.0,1.0,0.0
0.0,1.0,0.0
0.0,1.0,0.0
0.0,1.0,0.0
0.0,1.0,0.0
0.0,1.0,0.0
0.0,1.0,0.0
0.0,1.0,0.0
0.0,0.0,0.0
