0.0,0.0,0.0
0.0,0.0,0.0
0.0,0.0,0.0
0.0,0.0,0.0
0.0,0.0,0.0
0.0,0.0,0.0
0.0,0.0,0.0
0.0,0.0,0.0
0.0,0.0,0.0
0.0,0.0,0.0
0.0,0.0,0.0
0.0,0.0,0.0
0.0,0.0,0.0
0.0,0.0,0.0
0.0,0.0,0.0
0.0,0.0,0.0
0.0,0.0,0.0
0.0,0.0,0.0
0.0,0.0,0.0
0.0,0.0,0.0
0.0,0.0,0.0
0.0,0.0,0.0
0.0,0.0,0.0
0.0,0.0,0.0
0.0,0.0,0.0
0.0,0.0,0.0
0.0,0.0,0.0
0.0,0.0,0.0
0.0,0.0,0.0
0.0,0.0,0.0
0.0,0.0,0.0
0.0,0.0,0.0
0.0,0.0,0.0
0.0,0.0,0.0
0.0,0.0,0.0
0.0,0.0,0.0
0.0,0.0,0.0
0.0,0.0,0.0
0.0,0.0,0.0
0.0,0.0,0.0
0.0,0.0,0.0
0.0,0.0,0.0
0.0012337269955805695,-9.107127236649886e-05,-8.631050675762647e-05
0.0022729056432104415,-0.00010385282429719477,-0.0001759052397195435
0.003342441427126858,-0.00012277220836025981,-0.00027880116787817763
0.004443607813512238,-0.00014722992408067713,-0.0003944381478012573
0.005574396125044106,-0.00017628020911157375,-0.0005236377935967621
0.006733006829213677,-0.00020917599558908118,-0.0006678432172820312
0.00791766754566175,-0.00024509048613659246,-0.000828327069664826
0.009126236401207312,-0.00028308677387884696,-0.0010059215219556164
0.010356098169705676,-0.00032215448778832075,-0.0012009470682224149
0.011603939125266154,-0.00036126183045122415,-0.0014131897623378762
0.012866001297473183,-0.000399384461800393,-0.0016419329371012564
0.014137643580630238,-0.0004355549291359785,-0.0018859660916046425
0.015414209278029542,-0.0004688540513372233,-0.002143685048247676
0.01668969200749166,-0.0004984818048028937,-0.002413067918464993
0.01795925181482727,-0.000523669795040467,-0.0026918874888903627
0.01921513424376669,-0.0005438475604937576,-0.0029775197927704227
0.020453846440941514,-0.0005583586696765567,-0.003267440688226997
0.021664181987037116,-0.0005669306343049289,-0.0035585271954242737
0.02284748576419349,-0.0005688638807719023,-0.003848369035066207
0.023983806841927215,-0.0005643682024427662,-0.004133153405745003
0.02508807843010984,-0.0005523188360495675,-0.004411283387027111
0.026117328322939178,-0.0005339470733601429,-0.004677396640873025
0.027122576991806886,-0.0005067730065438493,-0.004932295063463798
0.02800141989321286,-0.0004744906191254968,-0.005166631383684463
0.028897766760178484,-0.00043097067232400314,-0.005387568081740947
0.029559867595177675,-0.00038598857468317955,-0.005575525729689276
0.030363825414205,-0.0003241570341629867,-0.0057539169305082525
0.030692168150194724,-0.0002700826153714537,-0.005877504241267356
0.031485001715124576,-0.000185707316702706,-0.0060100346651060935
0.0312510412330508,-0.00013106359774140157,-0.006043543861487805
0.032265328503461144,-1.405560738396008e-05,-0.006139239031537582
0.030995301458808487,2.2373638625891384e-05,-0.006039477558001431
0.032806547913854504,0.0001964904147960179,-0.006135245724575841
0.029482986614178263,0.00017423933708339852,-0.005819514075531856
0.03343286215029074,0.00046513969509009897,-0.006013344950989904
0.025796937115788864,0.0002960717851591941,-0.005307087119339879
0.03497060181532072,0.0008516814744232446,-0.0058120448993536035
0.017724998521307385,0.00032062273698084317,-0.004245073316296156
0.039561437712934674,0.0014813823461927536,-0.0051196672060613655
0.0,0.0,0.0
0.0,0.0,0.0
0.002262574847866775,-0.00018062624850092516,-8.791772202835372e-05
0.004103309451684248,-0.00020207251870881242,-0.00017904819707007658
0.005962658091965867,-0.00023252427672506171,-0.0002851824966492295
0.007838018319532203,-0.0002723705767823106,-0.00040507266213639826
0.00972082919339027,-0.0003199924706423559,-0.0005392267207184443
0.011602212729571881,-0.00037394257411783465,-0.000689101938577656
0.013473790546970734,-0.0004327258374392621,-0.0008560524973390397
0.015327858103406623,-0.0004947383607156548,-0.0010409758849275342
0.017157619897459123,-0.0005582913911318795,-0.0012442320945124403
0.01895687826246486,-0.0006216816596301797,-0.001465622036228562
0.020720504147044596,-0.0006832294841129273,-0.0017044257256888904
0.022443447984398793,-0.0007413646671523676,-0.0019594076797680242
0.02412224632616002,-0.0007946007566293532,-0.0022289276939737503
0.025752194831184023,-0.0008416684619836388,-0.0025109026866602787
0.02733199329532129,-0.0008813387556797157,-0.0028030456095291707
0.02885560908782082,-0.0009127454824435728,-0.0031026335030865265
0.03032590071877993,-0.0009348282283349615,-0.0034070732271222256
0.03173140482431698,-0.0009472462465991326,-0.003713093414398444
0.033085009149570056,-0.0009488023227733749,-0.004018234620152799
0.03435918432033454,-0.0009400301505486059,-0.004318450346681943
0.03559284261231858,-0.0009188614783494787,-0.004612177556073872
0.036715187598311626,-0.0008877310817936918,-0.00489364363303075
0.03783301294440471,-0.0008419283886702499,-0.005163910769458995
0.0387640735682577,-0.0007885225243926023,-0.005412831657065206
0.03978859107412537,-0.0007158177948211761,-0.005648378422018435
0.040445910256360754,-0.0006423467834314987,-0.005849308156962712
0.041447177240278854,-0.0005388719883409148,-0.006041099292723663
0.0416541897413978,-0.0004518172616743063,-0.0061749780767787685
0.042818664332134285,-0.00030930814603315193,-0.006319495816299597
0.04219378227156861,-0.0002241177281239607,-0.006359242020076685
0.043979195420032674,-2.34590743640059e-05,-0.006465886125754382
0.04169629917019826,2.5462795591171947e-05,-0.006366713173725017
0.04517303887716339,0.0003289805320645159,-0.006473869773324349
0.039443760697238435,0.00026682534295191794,-0.006152455427566856
0.047040631304327514,0.000776501750605475,-0.006360530646121166
0.03398808872546175,0.0004399509853912488,-0.00564746901511383
0.05114303767126657,0.001388064376841421,-0.006157037322389911
0.02235924122162049,0.00040574104573306267,-0.004581573778487267
0.06116918892158301,0.002254556274169568,-0.005242400475157061
0.0,0.0,0.0
0.0,0.0,0.0
0.003285089590702441,-0.0002756213567838813,-8.869631774340161e-05
0.005904649068822585,-0.00030575533966410175,-0.00017949813645876236
0.008534688872965967,-0.0003464392522211676,-0.000286406754884319
0.011165707681711308,-0.00039937578886359667,-0.00040791237086067086
0.013780844791417621,-0.00046256442204232177,-0.0005441111980837628
0.016363733165471264,-0.0005340253327691491,-0.0006962995542105807
0.018899416499985916,-0.0006116905012191835,-0.0008658016435267249
0.021374760339724335,-0.0006933731614845423,-0.0010535273502813088
0.023778991326855646,-0.000776799146973899,-0.0012598646871022235
0.026103272585170673,-0.0008596978734440556,-0.0014846488826219654
0.028341440856416926,-0.0009398440814935631,-0.0017272040532843723
0.030488369822783395,-0.0010151796894282857,-0.0019863383573545455
0.032542228066056146,-0.0010837628832049773,-0.002260465895730321
0.034499917296470645,-0.0011439700290442184,-0.0025475426226612696
0.03636416645394631,-0.0011942146207384828,-0.002845338572404806
0.03813077775061834,-0.0012334451614359747,-0.003151143587905213
0.03980953264256822,-0.0012602818968861723,-0.003462424781726935
0.04138842914981407,-0.0012744220628340477,-0.003775866807312984
0.04289276220446956,-0.001274224332765864,-0.0040890949493749985
0.04428643022846837,-0.0012606549995364184,-0.004397910704833675
0.0456339688006706,-0.001230705725014903,-0.00470092217486248
0.046834471421272054,-0.0011881406441390633,-0.0049919981825055915
0.048053816941730845,-0.0011259448106375987,-0.005272595785163426
0.04902533655262103,-0.0010547265737681076,-0.005531809855294853
0.0501718921503862,-0.0009570481471354486,-0.00577850039567613
0.05081566392242414,-0.0008604067138230372,-0.005989914814288324
0.052013620438251335,-0.0007214671227815077,-0.006193384337665128
0.05209423693217731,-0.000608612611624308,-0.006337309413198004
0.05363531888004169,-0.000416114701011537,-0.006493741888879308
0.05262241677102031,-0.00030899798801936964,-0.006542474923488052
0.0551859363331728,-3.5154437462909175e-05,-0.006660862543793452
0.05191772138526859,1.726518421432197e-05,-0.006569561325979803
0.057049311135183675,0.0004355814031160631,-0.0066871314369175445
0.049025298485460396,0.0003273816435609424,-0.006374671862127842
0.06015511822114617,0.0010308362194465855,-0.006586594661103913
0.04206981962483405,0.000535736314204085,-0.005890603888171625
0.06664041990385572,0.001826286094891703,-0.006369589505320521
0.027438067551531036,0.0004605918743630877,-0.004813515862056317
0.08112022950960247,0.0029190358080534574,-0.005281794750865086
0.0,0.0,0.0
0.0,0.0,0.0
0.004293563291007647,-0.00037349066109365484,-8.924296523848232e-05
0.007664594097048486,-0.00041257411948955554,-0.0001797689428447958
0.011039498062081566,-0.0004635800309637524,-0.0002873665234274991
0.014402192821117201,-0.0005294113952985463,-0.0004104207755534292
0.017726977783071297,-0.0006077009747211841,-0.0005486660555293488
0.020989858732979264,-0.0006960145515100898,-0.0007032045663595347
0.024169502004177692,-0.0007917734959534996,-0.0008752924437949008
0.027247692053330948,-0.0008922530551561768,-0.0010658308835406278
0.030210110449349504,-0.000994630110762452,-0.0012752323437150177
0.03304570190887656,-0.0010961019760407386,-0.001503374726046632
0.03574772900779815,-0.0011939293520065867,-0.0017496458901532792
0.03831132364031338,-0.0012855987389245305,-0.0020129219165287097
0.04073668019062428,-0.0013687369003175104,-0.0022917046081983587
0.043022384079887746,-0.0014413946397321754,-0.0025840184425308934
0.045175478153058904,-0.0015016395945261162,-0.0028877311062044096
0.04719321594683037,-0.0015482643125576813,-0.003200167776434952
0.04909258652620583,-0.0015795633127737138,-0.0035189010553285456
0.05085994509008926,-0.0015953134843284286,-0.0038405723204063573
0.0525336672999227,-0.0015933922760274896,-0.004162948096468088
0.054066806741495915,-0.0015752749931172898,-0.004481635352603688
0.05555140279982269,-0.001536917258588123,-0.004795503909296754
0.05685210969614932,-0.0014835646103434738,-0.005097941385612814
0.05819844702994584,-0.001405689019975999,-0.005390974089635416
0.059231298804538444,-0.0013177349805891345,-0.005662668677302432
0.06052572258205758,-0.0011961147016044643,-0.005923123245334277
0.0611724968232335,-0.00107783056182432,-0.006147538834835403
0.0625919583148962,-0.0009047416986328042,-0.00636577703243955
0.0625563302565922,-0.0007680513509560413,-0.0065224199272232546
0.06449658248536141,-0.0005271702078542306,-0.0066942427811795685
0.06310100565649139,-0.0004003737345444406,-0.006754512502449193
0.06645881568392198,-5.546667499871419e-05,-0.006888324984179994
0.06221796337398432,-1.4327835838807062e-06,-0.006806749574183483
0.06899621394967666,0.0005281799134624896,-0.0069382714502173575
0.05873711103426267,0.0003747083647744789,-0.006634136448800606
0.07330340428495934,0.001265138832753686,-0.006853405123962275
0.05038595604130912,0.0006216122222214861,-0.006165005330253253
0.08201757294343547,0.0022437678305860234,-0.006624475860899029
0.03285045933417806,0.000523528434119189,-0.005054326679851475
0.1006062979919518,0.003585925795874652,-0.005402734858936287
0.0,0.0,0.0
0.0,0.0,0.0
0.005276014470755376,-0.00047296047302341636,-8.900253625968528e-05
0.009362328340281773,-0.0005212163343389198,-0.00017894798652165548
0.01344616245596519,-0.0005828161897407821,-0.0002870923318428212
0.017506154241643042,-0.0006617932074750337,-0.0004116337015038924
0.02150807642092284,-0.0007553473504714303,-0.0005519322320477332
0.02542053812880293,-0.0008605985047306643,-0.0007088860523710578
0.029216170199431634,-0.0009744892223577213,-0.0008836705909784209
0.03287209746003517,-0.0010937904008674702,-0.001077168404575462
0.03637096041656435,-0.0012151590062123986,-0.001289813818558542
0.0396999607643353,-0.0013352872301241796,-0.001521530867897372
0.0428523151932991,-0.0014509415561735567,-0.0017717830153222223
0.04582376879792219,-0.0015591724374889287,-0.0020395283574267814
0.04861698939048869,-0.001657181146250124,-0.0023233792226831852
0.05123226782095293,-0.001742704482717091,-0.0026214461675896856
0.0536812885926336,-0.001813450912050916,-0.0029317249077530196
0.05596218144010703,-0.0018680676628835635,-0.003251587104609649
0.05809950304413944,-0.0019044844248960503,-0.003578748784900777
0.06007644459393338,-0.001922584802804414,-0.003909799097948154
0.061945369814112264,-0.001919684800241881,-0.004242699534463956
0.06364541686707685,-0.0018978446895902168,-0.0045728118039912264
0.06529866319297109,-0.001851827028736521,-0.004899360639421292
0.06672951563138856,-0.0017885414450387427,-0.005215121000093351
0.06823723975536725,-0.0016956416200986214,-0.005522872256478795
0.06935952646209459,-0.0015917956791628401,-0.005809367349995411
0.07083643499791169,-0.0014466910301323083,-0.006086315717428425
0.07150813821315853,-0.0013075764745068832,-0.006326295721793339
0.07318216489284214,-0.0011004927364519138,-0.006562444131572439
0.07304261242803672,-0.0009407266817433717,-0.0067344048677282446
0.07541233834523295,-0.0006512361305554986,-0.006925129290989185
0.0736363151495036,-0.0005053624901522589,-0.006999203467105471
0.07781310107664546,-8.881191468118087e-05,-0.0071523159257285565
0.07259843447893857,-3.318094128194073e-05,-0.00708165211261919
0.08103115613657155,0.0006084272107132827,-0.0072316443172749404
0.06855339515291585,0.00041150131108246647,-0.006934193590984062
0.08651479468489877,0.0014894804043344267,-0.0071676675081676754
0.05883605332848036,0.0007034104651360907,-0.006478230754378435
0.0973824097351654,0.0026586913586274514,-0.006933549016919822
0.0383883423737246,0.0005924593807459008,-0.005325151135163197
0.11997559266548123,0.004263158332926349,-0.005584701638815662
0.0,0.0,0.0
0.0,0.0,0.0
0.006223180000382707,-0.0005734925917293108,-8.715927974010437e-05
0.010981246594636453,-0.0006312153374963065,-0.0001754925562731484
0.015730538316208235,-0.0007037342906341197,-0.00028353586046163875
0.020445683445676332,-0.0007962047358786928,-0.0004091457809635425
0.025084547840686363,-0.0009053393995360331,-0.0005512390324879196
0.02960883996156951,-0.0010278032565574145,-0.000710488920464446
0.03398567756564433,-0.0011600776742888516,-0.0008879828028199521
0.03818807264470914,-0.0012984579340162411,-0.0010845775392375472
0.04219624431469611,-0.0014391098278030297,-0.001300723293754059
0.045996214159409826,-0.0015782490972481758,-0.001536384557219591
0.04958177820116338,-0.0017121680562445642,-0.0017911002054015568
0.052949685920617426,-0.0018375011386595347,-0.0020639103076748
0.05610559587234324,-0.001951026939358433,-0.0023535471540449306
0.05905147273396244,-0.0020501790768303165,-0.002658211272081854
0.061804026471019236,-0.0021322857273284044,-0.0029760464051518665
0.06436149849605505,-0.0021958590577959083,-0.003304471303726481
0.06675647206633671,-0.002238410308552654,-0.003641378025859231
0.0689670507259388,-0.00225996069789826,-0.003983287805755656
0.07106076281602115,-0.002257159090262271,-0.004328410762660201
0.07295899898094531,-0.002232742097402592,-0.004671809350585046
0.07481709243471217,-0.0021800771533073303,-0.005013159920562048
0.07641198998529354,-0.0021079612590897685,-0.005344493363531373
0.07812034778272432,-0.002000843308359699,-0.005669528749018815
0.07936333991259562,-0.0018820926557839275,-0.00597342482550172
0.08106200367912693,-0.001713948075054074,-0.006269870083295403
0.08178196301234504,-0.0015548301733775594,-0.006528258382695807
0.08374795340680238,-0.0013136709528308896,-0.006785723651594399
0.083515265632229,-0.001131470880384071,-0.0069758810084614604
0.08634938812322705,-0.0007926039933948545,-0.007189272001335562
0.08418879408482896,-0.0006280494902399544,-0.007279690230555028
0.08921657112866842,-0.00013826768203339325,-0.0074562400846838964
0.08301120530576366,-8.097718119539236e-05,-0.007398014882793524
0.09312403879433975,0.0006751309274232048,-0.007571316077936782
0.07840722846339901,0.00043576907876928273,-0.007279850328064018
0.09977299786630059,0.001704908263460472,-0.007534320392603496
0.06732276487425189,0.00077866602258687,-0.0068386642762423054
0.11276533496914368,0.0030721792225212007,-0.007300181510995736
0.043946338175718816,0.0006616120636233804,-0.005637782217636153
0.13933518329209732,0.004945625812033674,-0.005812584972009635
0.0,0.0,0.0
0.0,0.0,0.0
0.007121658404747915,-0.0006740144816543682,-8.284607436285034e-05
0.012498008047049189,-0.0007416103034604407,-0.0001678730089203482
0.0178600237282328,-0.0008255357494454882,-0.00027465373137658346
0.023179619705068617,-0.0009320331344516024,-0.0004005196352198276
0.028407582096370506,-0.0010572762821914037,-0.000543848517372658
0.03349940723304352,-0.00119745666119671,-0.0007050567598243644
0.03841733200845025,-0.0013485986341972773,-0.0008851358278691179
0.04313081295940377,-0.001506540883432345,-0.0010849113949893945
0.047618222557340835,-0.001666981549383928,-0.001304842612259054
0.05186486068419794,-0.001825688315916041,-0.0015449236250671707
0.055865635529119405,-0.0019785008256483537,-0.0018047603448391445
0.05961855489991768,-0.002121662503249867,-0.0020834632408912447
0.06313272852649705,-0.002251534992846364,-0.0023798820491788696
0.06641162055457826,-0.0023652665164613372,-0.0026922973722856747
0.06947738087570882,-0.0024597837739365725,-0.003019009773062776
0.07232741456216155,-0.002533482253384621,-0.0033574731810585663
0.07500295519019648,-0.002583394153610536,-0.0037057810565766748
0.0774747732783819,-0.0026097209141364187,-0.004060361684891859
0.07982712728664577,-0.002608319835270761,-0.004419725283290588
0.08195919907318754,-0.0025827167647171564,-0.004778575440055977
0.08406359882348302,-0.0025246430938176347,-0.005137138013915736
0.0858613744588253,-0.0024450495260891535,-0.005486567382189269
0.08781580242920328,-0.0023247191561875293,-0.005831708184063943
0.08921588791251363,-0.0021922855862672374,-0.006155852255854844
0.09118266220333897,-0.002001676181509174,-0.006475021066237187
0.09197888727664019,-0.001823575829996378,-0.006754890905429106
0.09428227403100772,-0.0015482594824259763,-0.007037267655373742
0.09397037168017748,-0.0013443999967146542,-0.007248725457652483
0.0973131542671988,-0.0009551648586493726,-0.007488691001189445
0.09476330367398507,-0.000772412296443538,-0.007598251119447501
0.10068613769688253,-0.00020722711229370237,-0.00780245391307091
0.09346467979186157,-0.00014838299678613656,-0.007758622818481193
0.10530226895414274,0.0007258364587164611,-0.00795996985560932
0.0883020499722785,0.0004444358504818554,-0.007674808274396216
0.11311719246471913,0.001909996189675564,-0.007956103473370944
0.07583767316274294,0.0008443791728758682,-0.007251475340788991
0.12822242279457483,0.0034828178461177323,-0.007725095551545875
0.049513486441194986,0.0007278183383387835,-0.00599691207893694
0.15875843321027017,0.005631227291803303,-0.006079670768682362
0.0,0.0,0.0
0.0,0.0,0.0
0.007963282302370303,-0.0007733871823993495,-7.47237282588989e-05
0.013900129080962768,-0.0008513536071451409,-0.000153805202124895
0.019818043083999783,-0.0009473312377934825,-0.0002574098986562723
0.02568735310332242,-0.0010685674977281938,-0.00038212493451076593
0.03145259580023271,-0.001210641941124986,-0.000525688324487067
0.037063811026774515,-0.0013692513178654665,-0.000688224357688668
0.04247908392739858,-0.0015399620112025304,-0.0008706166472396556
0.047664955145914845,-0.0017181698515433288,-0.0010736461372331677
0.052598602009327575,-0.0018991238077521832,-0.0012977615341649108
0.05726508705398389,-0.0020781690060365176,-0.0015429586766007948
0.061660993712968695,-0.0022507109029441864,-0.0018088831350402145
0.0657857920089231,-0.0024126272219266377,-0.002094683711631099
0.06965250979179714,-0.002559866619129203,-0.002399306826987053
0.07326581402776315,-0.002689313524426632,-0.0027210854635280235
0.07665375296240817,-0.002797469477982101,-0.0030584731928908443
0.07981174577657196,-0.0028826395059682337,-0.0034089348183437024
0.08279046250110958,-0.0029413093081327845,-0.0037707853116223993
0.08555075391559053,-0.002973916684891015,-0.004140328168747574
0.08819556281785432,-0.0029753861064416177,-0.004516426584146224
0.09059677989313748,-0.0029501692458290645,-0.004893363783067658
0.09298910365281411,-0.002888085237307521,-0.005272018054541456
0.09502808941765638,-0.0028025481796650894,-0.005642538207002523
0.09727437108534488,-0.002670147047128725,-0.006011082131797023
0.09886701601127758,-0.002525423488108036,-0.006358815125581115
0.10114887394402498,-0.0023130077742722368,-0.006704430166584374
0.10204766953846904,-0.0021170933886813584,-0.007009389318426962
0.10473506548576886,-0.0018075278048413862,-0.007320785051371483
0.10435478812787745,-0.0015829046531791401,-0.007557231822808084
0.10825302428849395,-0.0011421518666099783,-0.00782817587272328
0.10530375114540691,-0.0009418104706508627,-0.007960314487870757
0.1121714880412377,-0.00029868156830934644,-0.008196775036512605
0.10389885553189351,-0.00023862350374384786,-0.008170011026612776
0.11751860351732607,0.0007579452241520969,-0.008404204572108002
0.09817418773138138,0.0004343837116455725,-0.008126546482841293
0.12650895352836697,0.0021024498964296373,-0.008439682574102464
0.08431876148147655,0.0008974123259411871,-0.007724365640187611
0.14373210316145074,0.0038881878690363997,-0.008213170820387012
0.05504592640456133,0.0007883016775149978,-0.0064078455282632115
0.17824211315807964,0.006317456304194349,-0.006386666296434098
0.0,0.0,0.0
0.0,0.0,0.0
0.008729847552634269,-0.0008691647310410456,-6.165182347900676e-05
0.015159372419312048,-0.0009581257991202621,-0.00013143021514093632
0.021567637237665315,-0.0010671412401296377,-0.00022940480364139296
0.027924687284621275,-0.0012042542849726103,-0.0003511291645305089
0.03416988534953463,-0.0013643558500467917,-0.0004935844747967024
0.040248682265254826,-0.0015425975942126792,-0.0006565640684547562
0.046115714919412895,-0.0017340609895543522,-0.0008408320008886813
0.051735074354062695,-0.0019336920466848952,-0.0010471111006783874
0.05708313499991288,-0.0021362942071113163,-0.0012758185908905222
0.06214486012177212,-0.0023368090547386095,-0.0015269186514418073
0.06691875245349709,-0.002530224882520728,-0.001800061095942142
0.07140559504870532,-0.002712085223015727,-0.0020943890753171036
0.07562259247339495,-0.002877935792012377,-0.0024089126398777827
0.0795750529832397,-0.0030244319299116335,-0.002741974559202272
0.08329738312426052,-0.003147632191722882,-0.0030921657848571207
0.08678167679464242,-0.0032457934022890457,-0.003456923936111593
0.09008908130022526,-0.0033147865820274155,-0.003834798066901538
0.0931677187554121,-0.0033553611654756387,-0.004221924882785717
0.09614172207458525,-0.003361354596300297,-0.0046175713042718195
0.09885017545044734,-0.003338307090820032,-0.005015533039026458
0.10157562754122272,-0.0032738168684006558,-0.005417444826001293
0.10389764115159922,-0.0031841121160302776,-0.0058123210814670515
0.10648651079159073,-0.0030409959190793668,-0.006207818586569394
0.10831182372865412,-0.002885631196036143,-0.006582728177640417
0.11096268150463888,-0.0026522513165863513,-0.006958734599727596
0.11199626886193939,-0.0024399258932922253,-0.007292627440248819
0.11512364792193859,-0.0020961051131838052,-0.007637340332942753
0.11469243919818624,-0.0018517801370446568,-0.00790270891784702
0.11920484443765798,-0.0013582544527876478,-0.008209182017102624
0.11585154776316633,-0.0011409911457780557,-0.008367617027537017
0.12372851394041884,-0.000416966932657073,-0.008641011351511647
0.11437086025066169,-0.00035598336204427014,-0.008634356565270368
0.12984722293010315,0.0007679848088901794,-0.008906114227401538
0.10808997440877999,0.0004022350155251465,-0.008637664699556334
0.14003446556663304,0.002280125589464254,-0.00898722302755267
0.09283085993847771,0.0009356731470640371,-0.008259987040306104
0.15938287744607182,0.004287856383668112,-0.008765898136581293
0.06059290298478594,0.0008424610829884516,-0.006871909519602751
0.1978722555957617,0.007006454957808347,-0.006733513886678473
0.0,0.0,0.0
0.0,0.0,0.0
0.009415236537008093,-0.0009592590456888662,-4.172796326946636e-05
0.01627114015246561,-0.0010599336670301255,-9.756072760749656e-05
0.02310573143412548,-0.0011832201677152863,-0.00018647004778724958
0.02988966664265291,-0.0013376562141392536,-0.0003026068675181124
0.036558102878934795,-0.0015173275164089926,-0.00044206736717572915
0.043052753267740516,-0.0017167772578701402,-0.0006042714874885831
0.04932557932334485,-0.0019305636986127494,-0.0007898419396644986
0.055338784770287634,-0.002153165197260925,-0.0009994107762666036
0.061068452922398216,-0.002378931538103113,-0.001233316850251309
0.06649964183397074,-0.002602410167485049,-0.001491429180365363
0.07163307116597532,-0.002818179672683279,-0.0017733368565457236
0.07647061885867366,-0.0030214769823773556,-0.0020781050619445127
0.08103391507204183,-0.0032074502135489777,-0.0024047519038847428
0.08532817252625266,-0.0033725646490520523,-0.002751567649855243
0.08939464685555308,-0.003512416719057893,-0.003117253308900102
0.093220531313547,-0.003625269464702937,-0.0034991708062224883
0.09687868635491981,-0.003706307836842423,-0.003896114139028767
0.10030138066322346,-0.003756687202073793,-0.004304008018277763
0.10363690650442478,-0.0037689915721728653,-0.004722579420763906
0.10668551840497296,-0.003750039496078995,-0.005145071692848765
0.10978422007997164,-0.0036848704358040715,-0.005573988793770142
0.11242517567769907,-0.0035929178008193207,-0.005997089905379971
0.11540204528309751,-0.0034405515115602295,-0.006423721014921367
0.11749378741832006,-0.00327633377549791,-0.006830068286568743
0.1205625082186937,-0.003022905477202023,-0.007241115414156582
0.12175653937372427,-0.002795690105998891,-0.007608559576234238
0.12537573045448872,-0.0024176103861601925,-0.007991673750960973
0.12490429664142352,-0.0021547299051643248,-0.008290777554547312
0.1300873342081986,-0.0016070662529168362,-0.008638161782615459
0.12631836800765706,-0.001373612243570659,-0.00882756261190526
0.13527037597464106,-0.0005654784555325574,-0.009143337255871683
0.1247861446075581,-0.0005039593280543812,-0.009160748096690886
0.142201833191459,0.0007529114751213047,-0.00947529602693091
0.11795402122977398,0.00034470775599542244,-0.00921840470589982
0.15361731874127138,0.0024404214381584556,-0.009608915478867146
0.10128676070617283,0.0009561283227074209,-0.008868382794926641
0.17512033278688263,0.004679706933354815,-0.009392375058941102
0.06609127278504463,0.0008878440450790371,-0.007396226806544564
0.21762237109763413,0.00769627149519239,-0.00712613541620009
0.0,0.0,0.0
0.0,0.0,0.0
0.009991440368255347,-0.0010392934117665613,-1.3747751823211579e-05
0.017194515933132752,-0.0011525934549161932,-5.031402817475912e-05
0.02438089807885687,-0.0012919861168220479,-0.00012628075360468535
0.03152304595183819,-0.0014659656237534112,-0.00023390135315639422
0.03855329217419148,-0.0016676133040520475,-0.0003682155687273117
0.04541057067439528,-0.0018907353142041596,-0.0005282141064098846
0.052044761494598815,-0.0021292734102567727,-0.0007143551520016533
0.05841630123864703,-0.002377179114050416,-0.0009271494781070343
0.06450091470657936,-0.0026283131081882584,-0.0011668130989820691
0.0702832610872905,-0.002876827462340104,-0.0014330554987465793
0.075765957531339,-0.0031168987609030393,-0.0017253366990876812
0.08095114351041618,-0.0033434981283392297,-0.0020425634234911344
0.08586474554827023,-0.00355139613982551,-0.002383697380816211
0.0905107495396288,-0.0037369309706465664,-0.00274690149267318
0.0949377245711772,-0.003895232884662863,-0.003130950118125118
0.09912618855209474,-0.004024651579412249,-0.0035330689360761813
0.10316228532179157,-0.004119621074702283,-0.003952302276468013
0.10695916809301144,-0.004181823391802503,-0.004384309122176213
0.1106929417633955,-0.004202415308231588,-0.00482933240718066
0.11411875024103575,-0.004189712801421712,-0.005279994260981265
0.11763571491240703,-0.004125832011254794,-0.0057397829175948965
0.12063658917513265,-0.004033839641442428,-0.006195083151358458
0.1240536191808867,-0.0038739715522495143,-0.006657119791985202
0.12645273580476846,-0.003703018912508838,-0.007099255888890967
0.12999799127153713,-0.0034307412049265833,-0.007550067862401688
0.1313881698709963,-0.003190473332173193,-0.007955773037244682
0.13556462242022646,-0.0027783249421400318,-0.008382439728759985
0.13507635032981985,-0.0024982477306085293,-0.00872020719350027
0.14100385279386576,-0.0018950478100740087,-0.009113953144904421
0.13682094830229505,-0.001646132804248342,-0.009339154267196899
0.1469339069659006,-0.0007502305897403448,-0.009702841627735945
0.1352912403538416,-0.0006882594486667157,-0.009748520941727293
0.15474985539782618,0.000708077394527367,-0.010111218507996159
0.12793216658712153,0.00025774825579217317,-0.00986855720862549
0.1674431986303748,0.0025811444047145727,-0.010304750097274114
0.10984833216404119,0.0009571824547824322,-0.009549721111429295
0.1911286579406292,0.005065076777439847,-0.01009288673028299
0.07166047293709346,0.0009252833327322515,-0.007980584211603418
0.23766802922439992,0.008393077998978161,-0.0075643200238603055
0.0,0.0,0.0
0.0,0.0,0.0
0.010458587434250119,-0.0011064917544159475,2.5005320246063055e-05
0.01794060968395435,-0.0012334436850914665,1.486985597171147e-05
0.025414410588259374,-0.001391082353119604,-4.292042795603724e-05
0.03285444184727876,-0.0015872052840155038,-0.00013810873068747693
0.040191212877941564,-0.0018136652844049572,-0.00026447844258502544
0.047361744801158345,-0.0020633891211246603,-0.00042051596726920955
0.05431460613007622,-0.0023295965553606465,-0.0006064602662197632
0.0610089119738419,-0.0026056399459668074,-0.0008226240388461996
0.06742038297906541,-0.002884838590376522,-0.0010690017698706741
0.0735331304890096,-0.0031609319366077662,-0.0013450230595620748
0.07935165791492223,-0.003427685244316004,-0.00164990127555632
0.0848776218971023,-0.003679835168736113,-0.00198226301546178
0.090141210885829,-0.003911785706861752,-0.0023409211763861094
0.09514388346923493,-0.00411981470055538,-0.0027238167189697197
0.09994201411932602,-0.004298581403602026,-0.003129753596762673
0.10450736788558702,-0.004446618677619829,-0.0035557570776831083
0.10894110450961282,-0.004557545055385752,-0.004001134186882559
0.11313362546500827,-0.004633713997269582,-0.004461230071419019
0.1172929351854698,-0.00466467356349817,-0.004936874122633259
0.12112228409804891,-0.004660486029354488,-0.005420009271553678
0.1250913609833253,-0.004599956173125399,-0.005915240272933446
0.1284807138422826,-0.004510249512774417,-0.00640747363564632
0.13237762499935818,-0.004344721612945801,-0.006910016500603982
0.13511132405757081,-0.004169274270663852,-0.007393211757217502
0.13917865475116606,-0.003879421742728214,-0.00788952319961186
0.14078606730237117,-0.003628049117180612,-0.008339331102086744
0.14557224843460836,-0.0031820476949052903,-0.008815926760472667
0.14507551734528443,-0.0028862183787806434,-0.009198645482001453
0.15180995869949915,-0.0022260246011678525,-0.009645617077869125
0.1472001466684095,-0.0019624600932617174,-0.00991296921282682
0.1585532457782008,-0.0009749515196139753,-0.0103315710991295
0.14570700137201043,-0.0009127659406332923,-0.01041118068272379
0.1673154919218502,0.0006299548699960859,-0.010828633700815576
0.13783762316167683,0.00013745684887649936,-0.010603840860867499
0.18134652509636534,0.0026990305772603093,-0.011091025798604989
0.11834127635772398,0.0009348282887083349,-0.010319959453571276
0.2072801396664287,0.005440932435931845,-0.010882736771971832
0.07717138733809883,0.0009510103799432077,-0.008637134055267733
0.2579348556954552,0.009092988012519005,-0.008058620408024818
0.0,0.0,0.0
0.0,0.0,0.0
0.010769421100524647,-0.0011537531865462932,7.552658433350867e-05
0.01843952640187049,-0.0012957241051341642,9.939658977459801e-05
0.026118273746958447,-0.0014747975259943396,6.51439138289018e-05
0.03378297348802213,-0.0016970060043811582,-1.3655396810294827e-05
0.04136404717854723,-0.0019525908672966975,-0.00012923983417386487
0.048797563523555146,-0.0022333295938077678,-0.0002794830275966934
0.05603106711717015,-0.002531510813578038,-0.00046434556717183
0.06302184367426365,-0.002839743533349549,-0.0006838743440539846
0.06974480016173122,-0.003150713783472569,-0.0009377580642962717
0.0761820875158243,-0.0034577247127724814,-0.0012250380851080594
0.08233900509716137,-0.0037541357786486018,-0.0015445719823334615
0.0882150134168945,-0.004034514950986638,-0.0018945854640249277
0.0938439556723354,-0.004292946720620665,-0.0022736484520591454
0.0992229515525338,-0.004525760194367093,-0.0026793776333169346
0.10441664950300784,-0.0047271700287418155,-0.0031105577376657474
0.10938580208405893,-0.0048960287965258064,-0.00356394071945449
0.11424874200538868,-0.0050250907570081734,-0.004039106924557487
0.11886942071355985,-0.005117559636457705,-0.004531034189955138
0.12349261679044901,-0.005161191155971216,-0.005041212180997424
0.12776276895259445,-0.005168074637270229,-0.005560845432678407
0.1322297124993666,-0.005113293203350841,-0.006095793764881568
0.13604859281048767,-0.005028610239069629,-0.0066293843538982105
0.14047967100371966,-0.00485970730674431,-0.007177215533583438
0.14359088149543237,-0.004682517082299796,-0.007706421089887845
0.1482446835374638,-0.004376860446499648,-0.008253647591307763
0.15011052959134882,-0.004116861767360122,-0.008753097895053949
0.15558307904607024,-0.003637644158223903,-0.009285708008344773
0.15511063247301957,-0.003327907635723333,-0.00971941497840541
0.1627436920302944,-0.002609386519344904,-0.010226257929527818
0.15771992402289614,-0.0023320383157450814,-0.01054196736995225
0.17042440919747223,-0.0012485857227946887,-0.011022425076822932
0.15635022629963702,-0.001185899769352443,-0.011141680623940095
0.18024624628624453,0.0005116483820254285,-0.01162073825004941
0.14802094799535115,-2.1881729315527556e-05,-0.011417806664305984
0.19570271297535946,0.002791312042822617,-0.011961981843337707
0.1271057304812821,0.0008876599212173681,-0.011173903216581777
0.22393963164203345,0.005810796591302994,-0.011757646256155302
0.08287546687155635,0.0009678004153150317,-0.009361994792613945
0.27876310927220493,0.009808490648270177,-0.008605440546801004
0.0,0.0,0.0
0.0,0.0,0.0
0.010940730872865534,-0.0011784195313140535,0.0001420318104817888
0.01873646653365204,-0.0013369063922813527,0.0002103939828350835
0.026562968259487237,-0.0015408629599100924,0.00020713279954502083
0.03439910790622353,-0.0017933978250167077,0.00015010536536338195
0.04217599381183521,-0.002082751247208671,4.8955658645072125e-05
0.049829544077178045,-0.00239928741046872,-9.341638155007935e-05
0.057307136421384984,-0.002734159035321609,-0.0002765511624225343
0.0645647405177495,-0.003079083657094576,-0.0005000529400083306
0.07157690427602077,-0.003426004971516663,-0.000763102909845174
0.07832355166197262,-0.003767743159263796,-0.0010641352320207088
0.08481067765934432,-0.004097229016733104,-0.001401453648963647
0.09103438715442375,-0.004408907883276099,-0.0017726971002570285
0.0970319636125961,-0.004696574107403705,-0.0021760613810800802
0.10279430278625921,-0.004956720167882184,-0.002608718289915129
0.10839483458365462,-0.005183140696429076,-0.0030693869196723005
0.11378062461853077,-0.005375163916083615,-0.003554482251255434
0.11908938442296048,-0.005524634709693946,-0.0040638910630802
0.12415436972629788,-0.005635815005349303,-0.004592190846402214
0.1292622924142023,-0.005694481048092822,-0.005141635818615012
0.13399120400753806,-0.005715062692182697,-0.005702657023249629
0.13898128735448922,-0.005668491678477243,-0.00628254117552921
0.14324820851487294,-0.005591664828958637,-0.0068629607112046095
0.14824418255355507,-0.005421756047738651,-0.00746204742578749
0.15174996546639496,-0.005245696364213101,-0.008043562468011686
0.15702814427960327,-0.004926099137945872,-0.008648660507336727
0.15916453197580155,-0.004660091410170676,-0.00920504428978328
0.16537140693539457,-0.004148371486092922,-0.00980173594691029
0.16492431890845152,-0.0038267311174581754,-0.010294667989767817
0.1735189781270049,-0.003048596621634083,-0.01087044725223853
0.16806180989058442,-0.0027585699842094047,-0.011243273007773094
0.182205535645873,-0.0015748579740956557,-0.011795199250055942
0.16684999139599285,-0.0015118510228071939,-0.011962368657551169
0.19316353699434308,0.00034898869571906146,-0.012512326908261607
0.15808373926486724,-0.0002253478926489966,-0.012337050310160446
0.21013683544955664,0.002853075081118688,-0.012945588524234584
0.13576224577304805,0.0008092630499816607,-0.012139205398644206
0.24079548088036273,0.006168522321166067,-0.012744437720070457
0.08848935160506864,0.0009685466873416772,-0.010177042051146898
0.2999380844937331,0.010529651567257197,-0.009223529939433643
0.0,0.0,0.0
0.0,0.0,0.0
0.01088659703567638,-0.0011690504908429405,0.00022478608407443775
0.01869895739004888,-0.0013462056429562042,0.0003478145125288866
0.026578580702315436,-0.0015803936988173118,0.0003823972033014698
0.034506371806868844,-0.0018698946424341837,0.00035193898865594676
0.04241631137266154,-0.002200239462031978,0.00026846700117557666
0.050244937104517634,-0.0025598599850258984,0.0001358774318206731
0.05793904449044945,-0.002938373053174288,-4.480950397826163e-05
0.06545163501790514,-0.0033263373524920078,-0.0002726139014718428
0.0727548717064402,-0.0037147998526352835,-0.0005460569234813788
0.07982371722763038,-0.0040960719655483615,-0.0008627919508637054
0.08666277872376042,-0.004462692947487613,-0.0012204065013954773
0.09326207293885971,-0.004809117845005758,-0.0016157863199146867
0.09966125921945616,-0.005128963133138647,-0.0020466320638914477
0.10584251960715588,-0.005419080981250986,-0.002509548504349154
0.11188863870198258,-0.00567292936968428,-0.003003141859879631
0.11773024865032779,-0.005890528224983525,-0.003523419821519484
0.1235272535594067,-0.006062794919942801,-0.004070610348858193
0.1290780296669189,-0.006195299524519232,-0.004638853951491965
0.13471732866539213,-0.006271653208841462,-0.005231281796239008
0.1399492005524712,-0.006308974520968413,-0.005837516080346467
0.14551563998407885,-0.006273593429192456,-0.006466455733779068
0.15027844722173306,-0.006208109333051881,-0.0070980433065835746
0.15590240181420614,-0.006040307182570494,-0.007753204074961157
0.15985435014186436,-0.005869118813613473,-0.008392160214289427
0.165833691785701,-0.005538344053383171,-0.009060925505976744
0.1682940166389778,-0.005269915752927046,-0.009680369410386493
0.17532997848610823,-0.004727277072448062,-0.01034808924079218
0.17495722206464262,-0.004396573648710831,-0.010907379415531817
0.18463058315026296,-0.003558016988605301,-0.011560175758277374
0.17877100971607432,-0.0032567232036945755,-0.01199794952775207
0.19449895434461845,-0.001967939471432811,-0.012630308474732918
0.17785074808460477,-0.0019040518191346903,-0.012853146145845437
0.2067628669004471,0.00013078011289825587,-0.01348335234860814
0.16873408724168443,-0.00048199806272975697,-0.013341794388274028
0.22539044455033236,0.002880023527119949,-0.014023243216350954
0.14499882763163913,0.0006982635573521585,-0.0131985777360488
0.25855684180183613,0.006521087818808414,-0.01382793257254741
0.09452589226093515,0.0009596289129321245,-0.011069565444295234
0.3221033272311984,0.01128045738693301,-0.009901084481944582
0.0,0.0,0.0
0.0,0.0,0.0
0.010664339157119276,-0.0011249203596047311,0.0003310267776949954
0.018448370020692204,-0.0013229970016896575,0.000524003568342306
0.026341634470882783,-0.001592711600954795,0.0006069135952668852
0.03432302806235214,-0.0019256652549190156,0.0006101526234931059
0.0423294771808558,-0.0023040376016107023,0.0005487072463251501
0.050298839800597475,-0.0027138844494373165,0.0004278198666683111
0.05817862315350021,-0.0031429475955089296,0.00024941542744150554
0.06592000772456424,-0.003580387851690788,1.5452156714015114e-05
0.07349400507043692,-0.004016188591773572,-0.00027152320832690046
0.080870836941114,-0.004442088440296718,-0.0006079870973324753
0.08805406799412127,-0.004850217462019324,-0.0009904836295314351
0.0950263903983324,-0.005235127385886654,-0.0014148726479149044
0.10182971480051223,-0.0055903303669867024,-0.001878189686878143
0.10843511370876953,-0.005913224121060098,-0.0023763387437461996
0.1149353261606922,-0.006197006381582217,-0.002907787448896829
0.12124117901495617,-0.006442626684108454,-0.003468097685488052
0.12753741657329087,-0.006640063508560188,-0.004057921703871261
0.13358247804084053,-0.006796480591915509,-0.004670968703526673
0.13976529999276063,-0.0068931382778860285,-0.005311414693036583
0.145507300653269,-0.006950230056616762,-0.005968078823719512
0.15166415570205452,-0.006929014868107569,-0.006651717561747347
0.15692813423356386,-0.0068784045576640316,-0.007340505980361047
0.16319808825239587,-0.006715870912327774,-0.008058491526987628
0.16759842450363427,-0.0065534040575452365,-0.00876222002069081
0.17430381917158222,-0.006214310836930956,-0.009502997828763689
0.17708437506535477,-0.005947228974530995,-0.010194529424731927
0.18498559321696156,-0.005375393127711056,-0.010943574495008126
0.18467166789533868,-0.005038762066823238,-0.011580080839211828
0.19547847168890342,-0.004139199278131227,-0.012322184808559358
0.18917910586150408,-0.003828624936780427,-0.012837186246819388
0.20657913264545305,-0.0024303982385520816,-0.013563753101006154
0.18856418074934986,-0.002366247031707221,-0.013854615040566676
0.22022337117047147,-0.0001475344672872157,-0.014578998127986671
0.17911111594128973,-0.0007985574186522943,-0.01448063482203854
0.24062438767727334,0.0028641985629711863,-0.015246278855346644
0.15398284651983618,0.0005435471332697148,-0.014403082024535468
0.2764891473853702,0.006855263198186673,-0.015057901662682881
0.10035874372798237,0.0009268413249247772,-0.01208078820813426
0.3446984399738175,0.0120364575508902,-0.010673476006983504
0.0,0.0,0.0
0.0,0.0,0.0
0.010108244326069098,-0.0010267353448207056,0.00045910244344572504
0.017719034554788356,-0.0012493350426463663,0.0007352641710274485
0.025505951952105692,-0.0015635344852286935,0.0008747800151424119
0.03344638161984271,-0.0019509822457914952,0.0009169726145876192
0.04148306748328484,-0.0023891877206789875,0.0008806568115459663
0.04955525625538401,-0.0028608539117785025,0.0007728664171944798
0.05760902366688727,-0.0033511312411940767,0.0005967315924573652
0.06558967647553181,-0.0038473520010675884,0.00035546279435626134
0.07346269969499333,-0.004338246794309784,5.293666302759967e-05
0.0811886373967711,-0.004815026706512482,-0.0003058804185707508
0.08876646305326472,-0.005269570656320748,-0.0007162603400198725
0.09616758196485228,-0.005696815980909981,-0.0011728219622738347
0.10343472994237587,-0.006090421620894065,-0.0016717956764942428
0.11052482639327997,-0.0064486713946349085,-0.002208255677120697
0.11754151243789986,-0.006764681399490235,-0.002780505777421964
0.12437268308014178,-0.00704065562479684,-0.003383613433366671
0.1312316067788763,-0.007265659757821904,-0.004018739545954209
0.13783206727618597,-0.007448785844467363,-0.004679159413630762
0.14462466199536053,-0.007568758052635119,-0.005370273112867664
0.1509396515437702,-0.0076492702049031965,-0.006080095444818817
0.15775992018813959,-0.007646016731182068,-0.006821508121342379
0.16359224757223323,-0.00761487394655893,-0.007570867818781477
0.17059326315291257,-0.0074620201157082474,-0.008355709463452028
0.17551536615783275,-0.007313609720124955,-0.009128734960452654
0.18305004948488762,-0.006970658053453092,-0.009947040864514357
0.18623003550323705,-0.0067104617511566786,-0.010716774300134417
0.1951246941319747,-0.006112844078144478,-0.011554570073882362
0.19494893228365903,-0.0057751167831397564,-0.012276211117992307
0.20704877599426239,-0.004815164374775031,-0.01311716264674068
0.20037280120624446,-0.0044982025744764505,-0.013718924270461853
0.21964230956846675,-0.0029858235770093534,-0.014551242441735345
0.2002742580938417,-0.0029210712810010223,-0.014920453546615474
0.2349238819204406,-0.0005052244190887836,-0.015752039095194882
0.19063034728170428,-0.001190473697919717,-0.015705983646630003
0.2573062510025602,0.0027981659348975097,-0.016568651768443212
0.1640996552022719,0.0003437200136961338,-0.015709110068438094
0.29598565068924104,0.007184460803549575,-0.016394928032593323
0.10703161710422711,0.0008838013159415826,-0.013178007399275654
0.36896140911089986,0.012844283317862545,-0.011510701096524278
0.0,0.0,0.0
0.0,0.0,0.0
0.009369408920857848,-0.000879680876423349,0.0006225017449611129
0.016802264056884935,-0.001130312271638402,0.0010047719329189335
0.024480280401526538,-0.0014969057124301203,0.001216007343000048
0.03237034002508324,-0.0019483753231492203,0.001306559925670105
0.04041957651768595,-0.0024565258435702937,0.0013000703084104018
0.0485694454958433,-0.0030000040173960747,0.001206128646913764
0.05676734976539391,-0.003560864263745119,0.0010298716765675617
0.06495591219816202,-0.00412428476479579,0.0007766190214144569
0.0730985750892296,-0.004677542722495926,0.00045239035339692164
0.0811481127892934,-0.0052112782976642315,6.430402513302476e-05
0.0891006192170837,-0.0057171489950583725,-0.0003811120555731222
0.09691542545840254,-0.006190652705447094,-0.0008768549564153607
0.1046364187134511,-0.006625754572055146,-0.0014181561859068505
0.11220353221899777,-0.007021925114648325,-0.001999144968183352
0.11973210333135252,-0.007372355625244671,-0.0026179993908319993
0.12708287512911584,-0.007680852012199084,-0.0032693172884486177
0.1345007570692809,-0.007935601878864535,-0.0039549445066645325
0.14164869568777186,-0.008148005886754746,-0.004667794015804883
0.14904612570676962,-0.008294067713242193,-0.005414762626052913
0.15592194734505588,-0.008401456027551206,-0.0061831205924836015
0.16339998438106493,-0.008419782233574986,-0.006988243985151071
0.1697834366540993,-0.008412594052787513,-0.007804668757894874
0.17751134585472955,-0.008273736228746938,-0.008663910488812586
0.18293148145280477,-0.008144716085619176,-0.009514689411299968
0.19129599812961764,-0.007802355152751442,-0.010420564456940439
0.19484177058997987,-0.0075547200108164285,-0.011279712939879942
0.20474046054949846,-0.006934848260947376,-0.01221959191003421
0.20465276521456724,-0.006601271764324275,-0.01304084770064457
0.21807610889088597,-0.005581965011717926,-0.013997689482172466
0.21094614847075388,-0.005262603819899094,-0.014703729625266327
0.23215657423958144,-0.003632528625612547,-0.015662125444838894
0.21131634803308852,-0.003569361691892089,-0.016128537700803934
0.24911224700757736,-0.0009456827721494558,-0.017088987159833275
0.2014545773449475,-0.0016659481080200092,-0.017110981868727587
0.27360751629798036,0.002669187234732401,-0.018088906006501173
0.17354849256428345,7.923853475926988e-05,-0.017215129665130405
0.31539028456533047,0.007481015380521352,-0.017935362466503013
0.11317714284756036,0.0008018895253314282,-0.01444176345724782
0.3935538904752929,0.013647518496940224,-0.012482585629387656
0.0,0.0,0.0
0.0,0.0,0.0
0.00811395680460676,-0.0006490047717529991,0.0008148586332299755
0.015148248469958558,-0.0009341035823400855,0.001320062037136061
0.022542327335910384,-0.0013685080464546184,0.0016123941309481343
0.03025472416833222,-0.0019027063508962887,0.001756193066354385
0.0382409383005283,-0.002500252982475904,0.0017814511316868794
0.04644250591296842,-0.0031338827275220757,0.0017011886882465407
0.0548015662221619,-0.0037813144144634285,0.0015231457205550484
0.06324848951116419,-0.004424969587793317,0.001255239021549063
0.07173524060872577,-0.0050505767697797375,0.0009060442888096154
0.08019770899446181,-0.005648519703785475,0.00048520495109842456
0.08862304391408117,-0.006210716443802524,1.3398235228124518e-06
0.09695289625217536,-0.006733847107774028,-0.0005366779235946338
0.10523068994743189,-0.007212699562386688,-0.0011229475872333253
0.11337605942467611,-0.007648503350411843,-0.001750544811460464
0.12151790342583033,-0.008034843556393617,-0.0024175522644564705
0.12948657762775254,-0.00837759100060561,-0.0031180961972797844
0.13756370445972338,-0.008664128136971086,-0.003854874400666636
0.1453561291295384,-0.008908595136639493,-0.004620481784415894
0.15346148123420514,-0.009084078237145077,-0.0054235922034863784
0.1609974831304644,-0.009222742518105067,-0.00625075988883943
0.16924524058296012,-0.009267561140738519,-0.0071202532603672555
0.1762859758075454,-0.009290528679106003,-0.0080047344572303
0.184869360841235,-0.00917204149737694,-0.008940253259497792
0.19090442277500436,-0.009070243316578621,-0.009871318334497772
0.20025307017930766,-0.008735690910618602,-0.010868742947071613
0.20429384469499734,-0.008509446027908677,-0.011822161807100016
0.2153869475826623,-0.007874004170365052,-0.012871044255191496
0.21552418464587234,-0.007553115991357498,-0.013799672194694343
0.23050727272483268,-0.006478115017195279,-0.014882908540413917
0.2230483125103356,-0.006162527749463948,-0.015704016891891766
0.24648870204558218,-0.0044114235031377045,-0.016802873424055325
0.22424276592073392,-0.004350947883958988,-0.017379654323659736
0.2655309274227304,-0.0015035679282945978,-0.018486961333350906
0.21442278068844653,-0.002252822962499398,-0.01859028830833903
0.2924653815080497,0.0024635110023131642,-0.019702992803742936
0.1851400908036543,-0.00025142212909206143,-0.018821061774513217
0.3374973705827935,0.007771099808649778,-0.01958687063399866
0.1209398046655782,0.0007095089417849109,-0.015795144491631014
0.4209349523983458,0.014539390550968034,-0.013519150985864382
0.0,0.0,0.0
0.0,0.0,0.0
0.006704733117633569,-0.00035464990915545053,0.0010627682546378045
0.01342490415184129,-0.0006798500723435112,0.0017270111716844697
0.020608960710373117,-0.0011937017832565984,0.00212323654627181
0.028188878999947594,-0.0018242172278964386,0.0023328049894842853
0.03612433530414683,-0.002525047637928458,0.0023938858110527377
0.04435911599580129,-0.0032619654458844027,0.0023246557136029377
0.05283727622426634,-0.00400769919842341,0.0021373020968156005
0.06148569936735175,-0.004741568414118547,0.0018441703587814802
0.07025384623759266,-0.005447597477745252,0.0014579771871205585
0.07906666186191544,-0.006115970642699681,0.0009921205762654349
0.08790691756318049,-0.006739014838106561,0.00045811117339011843
0.09669889668075579,-0.007314923567921143,-0.00013283456020878384
0.10548663720786906,-0.007839606316272089,-0.0007735324205263293
0.11416608284310538,-0.008316515795054002,-0.001455987163032285
0.12288069539833607,-0.00873989439504161,-0.0021783707207187804
0.1314250321220143,-0.009118161970597493,-0.0029344881786682285
0.14012111857520324,-0.009437976865869677,-0.0037282217592244362
0.14851185985220597,-0.009716712266000028,-0.0045520148381809865
0.1572816205522579,-0.009924337113774192,-0.005416748705915488
0.165424238432519,-0.010098104817638051,-0.006308374832803132
0.17439446448616075,-0.010173750619026497,-0.007248615982852273
0.18202935803885592,-0.010232577790114215,-0.008208264700557874
0.19141864407489717,-0.01014031857314529,-0.009228683289621802
0.19799288948195673,-0.010073178392834786,-0.010249964182346524
0.20827628228458503,-0.00975320674309423,-0.011351303275824919
0.21271803220116905,-0.00955696562545816,-0.012413167502724823
0.2249615543137128,-0.008912385702453068,-0.013588715221952511
0.22520239778860898,-0.008613013023620358,-0.014644372628272086
0.24171875531758913,-0.007486393384850295,-0.01587819298202139
0.23376974152291455,-0.0071824458137359675,-0.016839855521776474
0.2594610914257772,-0.005309203599277812,-0.01810993905658869
0.23559689089433805,-0.00525735577687558,-0.01882648796322675
0.28051390319854547,-0.002176303733683584,-0.02011536417460164
0.22568121797201293,-0.0029585778314772816,-0.02032667141647343
0.30998933805634504,0.0021619447671035277,-0.021604815950502055
0.1950438916104953,-0.0006821588410969777,-0.020721756824579208
0.3586925095241574,0.00799879767575393,-0.02154110147836062
0.12737558601328694,0.0005493236081986836,-0.01739961732196738
0.44807847622243674,0.015395273512763114,-0.014762184984237967
0.0,0.0,0.0
0.0,0.0,0.0
0.004448257706950682,6.991706349409246e-05,0.0013486174583420296
0.010472333598127322,-0.00030767255356747576,0.0021925527270783094
0.017154057667167148,-0.0009287820293438048,0.0027019532825988896
0.024406967070594834,-0.001688571486593367,0.0029798545609765583
0.03220017615316184,-0.002525632745209304,0.003075394383049331
0.04047085153040873,-0.0033951994838422174,0.003013623744101356
0.049146772759442556,-0.004262965099166065,0.002812289088827685
0.058128788086748484,-0.005104538401687393,0.0024889378736987276
0.06734334233182082,-0.005902654977336194,0.002060976899251807
0.07668717495539926,-0.006648369799415119,0.0015459850811191612
0.08612820485760504,-0.00733564917166041,0.0009586506253473832
0.09556556493234412,-0.00796546930588633,0.0003127468720767608
0.10504258832692569,-0.008535833137984514,-0.0003831989213203424
0.11442859948368445,-0.009053324708753826,-0.0011200892860163047
0.12388543871708975,-0.009513330056697729,-0.0018963255145240914
0.13316904371975458,-0.009927428770226633,-0.002705468717848968
0.14264930936847628,-0.01028164422761501,-0.0035528735855549407
0.1517993995955157,-0.010597111255431974,-0.00443092415231587
0.16140279916204625,-0.010840431517374552,-0.005353124815490178
0.1703176837600346,-0.011054599567324658,-0.0063048499922659105
0.18019336797881166,-0.011167448954160171,-0.007311861561194942
0.1886002580611052,-0.011270582636034561,-0.008342954306747714
0.19900400861071485,-0.011213746098093723,-0.009445663638652619
0.20631476231825144,-0.011192838108177882,-0.010555239908107346
0.21778125944316692,-0.01089891215410918,-0.01176058522961285
0.22284604979777245,-0.010746799331030538,-0.012932008483684362
0.2365450022752266,-0.010105250285844539,-0.014238459803238438
0.2371345160035289,-0.009842452758439793,-0.015426459139662124
0.2555621442069907,-0.008673710994100756,-0.016820685452955647
0.24736886660780594,-0.008394149545752039,-0.017933231782101728
0.27577048600554255,-0.00639941878689083,-0.01939118025000577
0.2504684599973412,-0.006361422276238536,-0.02026286334076452
0.29954784939207774,-0.003028833692294983,-0.02175742782863991
0.2409573520825395,-0.003836120865917621,-0.02209512451833379
0.33212215288381114,0.0017371305097482635,-0.02356835346050786
0.20901533570299693,-0.0012158199576534751,-0.022696761402035876
0.38468538312351425,0.008215463771022837,-0.023591148745967617
0.13694191021620136,0.0003796360877191691,-0.01908153106346227
0.4800149654396217,0.016406020574775748,-0.016054007173316037
0.0,0.0,0.0
0.0,0.0,0.0
0.002180929264068721,0.0005701412338556586,0.0017269235342980834
0.007790228986962593,0.00013086946926652943,0.002810763528009031
0.014203735699160834,-0.0006144060643104103,0.0034694286519315874
0.021280241993644738,-0.0015221578262633513,0.0038321546040970085
0.028989750658953845,-0.0025133190627636185,0.003962782432889111
0.03727103977458065,-0.0035312158502579585,0.003897325446091978
0.04605562026852907,-0.004533920059925516,0.003663329531837486
0.05524154289618186,-0.005493204314950809,0.003287382632101633
0.0647539007487446,-0.006390586301801927,0.0027945527465959028
0.0744757594784051,-0.007218273476931087,0.0022085914359488584
0.08436990969104641,-0.007972221382590974,0.0015484253277380207
0.09431232711742468,-0.008656743277038763,0.0008308029922716757
0.10434737959013961,-0.00927241602326444,6.551230937660781e-05
0.11431316113699674,-0.009829618645137128,-0.0007375047664013536
0.12439079259332206,-0.010325252961137678,-0.0015773596493475447
0.13429020867641706,-0.010774690324530108,-0.0024477449342244282
0.1444335483557934,-0.01116341535044237,-0.003356061134458032
0.15421374428956836,-0.011516945509010276,-0.00429492255278581
0.16452400530396696,-0.011798249103762887,-0.00528110451133146
0.1740699329941757,-0.012056822531153179,-0.006299547646367766
0.18471604081032583,-0.012211844616605346,-0.007380893981806158
0.19373666364192593,-0.012366354947615014,-0.008491879785220516
0.2050109743882521,-0.012352600031134517,-0.009687453554664879
0.21287615570819884,-0.012388058521117875,-0.0108976136617246
0.2253731705965063,-0.012129984013723985,-0.012222909106013313
0.23084419464358055,-0.012034756165256042,-0.013522397767663326
0.2458403411217285,-0.011406870937036916,-0.014983889616819396
0.2465117664277871,-0.011195053880724736,-0.016331511419502353
0.26669981158150224,-0.009993294600324592,-0.01792134514478001
0.25792870554825276,-0.009752802967169513,-0.019222594125349365
0.2889384266624164,-0.007640605793767947,-0.02091618150872512
0.26179172862764927,-0.007630105225970822,-0.021989891161639935
0.3150869511175022,-0.004040000440628984,-0.02374755082823298
0.2522799138731876,-0.004884379805748869,-0.024257897845751122
0.3507201818423258,0.0011634605161231258,-0.025980081135585448
0.21900132839215422,-0.0019094679150760837,-0.025137514534597824
0.40773437730843687,0.008310807677591075,-0.026125158705126487
0.14335436603859186,8.639662846090363e-05,-0.02117084090826653
0.5100916809774978,0.017302558129318427,-0.01768830893461309
0.0,0.0,0.0
0.0,0.0,0.0
-0.001569010533266589,0.0012794304877658562,0.002153779233489904
0.0028982897170520003,0.0007533825350749288,0.0035009146981436804
0.008506168157765446,-0.0001692202836884836,0.004314371162141719
0.01508253097848926,-0.0012858236202969234,0.004757468692280466
0.022602146294581127,-0.002488782428756416,0.0049142306733916015
0.030975866054412764,-0.0037026586851226177,0.004835023327223231
0.040090516091620385,-0.0048749312415587364,0.004559065771256281
0.04978855563319174,-0.005973739568388425,0.004122929615778981
0.05994974779670344,-0.006981484159113574,0.0035597730729311633
0.070411123877062,-0.00789445409738855,0.0028997333650167744
0.08111297023292759,-0.008713383378274642,0.0021660313687728275
0.09189823313327311,-0.009448331094428105,0.0013783918801969959
0.10281285294484832,-0.010104095082642772,0.0005477126547724116
0.11366275566233126,-0.010696155528308528,-0.00031536524331299243
0.12465605199287036,-0.011223534094807332,-0.0012109857170432882
0.13545525057645527,-0.011706097022287204,-0.0021331629817948707
0.14654631304334273,-0.01212879360711615,-0.0030917800045558294
0.15723561740406847,-0.012522126823209538,-0.004079797379412481
0.1685435545094404,-0.01284503559094831,-0.0051178265523459665
0.17900825439283555,-0.013154363776490494,-0.006190319474295549
0.19073821493898455,-0.013359768230752843,-0.007333617519829234
0.20068215009919468,-0.01357711424901384,-0.008512050497765966
0.21318223916206577,-0.013619478760539589,-0.009789298135661761
0.22194682863584544,-0.01372825049020497,-0.011089229297775017
0.23589532573130878,-0.013523714402818392,-0.012526258173262899
0.242165805690584,-0.013507689112717927,-0.013946324880529248
0.2589756776882591,-0.012914415603823592,-0.015559867574977817
0.26017665315629485,-0.01277969684280935,-0.01706492308555165
0.2827682223259178,-0.011564966744660761,-0.018855356015841766
0.2739002425170463,-0.01138886116933457,-0.020350490074547836
0.30830294933345753,-0.009169032349353819,-0.02229586142787417
0.2797337691659631,-0.009201162436923186,-0.0235858879264931
0.3381438107733636,-0.005336226760447839,-0.025637104939922297
0.27124333011263707,-0.00620926153985186,-0.02634327034057512
0.37788975977730865,0.0003819122736001613,-0.028359021388440896
0.23686390933071694,-0.002773445992749278,-0.02756829730447149
0.4396594056294605,0.00838391979378095,-0.028689610483638495
0.15596682740854542,-0.00021321940767209504,-0.023283265859150307
0.5488235141852447,0.01848147717313326,-0.019315101822302255
0.0,0.0,0.0
0.0,0.0,0.0
-0.004907360909111564,0.002063882330763053,0.002744439409102453
-0.000864773373920401,0.0014352529616900999,0.004461165934263105
0.0045093322427369,0.00031130026586075776,0.0054886141402585124
0.010937972598792117,-0.0010378782276014957,0.0060318335007104405
0.018387749512034327,-0.0024723126874887234,0.006203867388831864
0.026772126430624325,-0.003896812313545603,0.0060795288955516405
0.035989564069335504,-0.005248632561849004,0.005719380307722889
0.04588648041850447,-0.006492993730404399,0.005177736222154827
0.05634703991959396,-0.007613759653784412,0.004501027074657959
0.06719355182234672,-0.008611883187106088,0.0037285790180844607
0.07836157714330681,-0.009493416849216434,0.002888875100207126
0.08966442692727697,-0.010274920602925215,0.002004500572676369
0.10115070629610363,-0.010966038893957754,0.0010867066017283594
0.11258650859620647,-0.011588188184057824,0.00014595880984733444
0.12420665358392124,-0.012142927114849546,-0.0008199318824751111
0.1356152991027438,-0.012655363118447954,-0.0018060437710511116
0.14736718274510024,-0.013109932507163453,-0.0028256475957217165
0.15866720557811553,-0.01354287317594474,-0.003872484460718543
0.17067660466111498,-0.013908657918036757,-0.0049719121702800914
0.1817419503351311,-0.014272492452090828,-0.00610801697448763
0.19424335450936053,-0.01453346603817109,-0.0073240430151930306
0.2047616876088649,-0.014821904931658773,-0.008581666008359641
0.2181538237016182,-0.014929675767030496,-0.009955224193476685
0.2274234707633225,-0.01512486245184056,-0.011361602930772702
0.2424630993401862,-0.014986991356012763,-0.012932374608102247
0.24907107690259073,-0.01506814463107643,-0.01449833697684846
0.2673042278579593,-0.014525413453593095,-0.016298161240614045
0.2684753246728425,-0.014490170332752158,-0.017999402272501314
0.2930592680225843,-0.013278961203890495,-0.020042912029817374
0.2834076469606999,-0.013193087201731084,-0.021788948050781826
0.32082489259688207,-0.010878915130012205,-0.02406207500383473
0.29001828189207485,-0.010982019541562155,-0.02564462077631598
0.35336443716941296,-0.006846668729257753,-0.028087497751155117
0.2815145023358932,-0.007778463113767284,-0.029071946983251204
0.3967510156454505,-0.000632177025903555,-0.03148089627576791
0.24578009218686186,-0.003898860121811059,-0.030783045121720212
0.4640232505836285,0.00822121289484335,-0.032081425289220505
0.16139874604564905,-0.0007444926355765442,-0.026103766788480386
0.5817453724482987,0.019367141207001323,-0.02155344768826442
0.0,0.0,0.0
0.0,0.0,0.0
-0.01101248083639264,0.003199916921468612,0.0033942672676538057
-0.008865792407838469,0.002413692985197016,0.005501391497652043
-0.004766737375956073,0.0009804291994490932,0.006734236200343894
0.0009610146743202071,-0.000718916248683322,0.007354927025430133
0.008261463247015186,-0.0024883829751760726,0.0075171834925118015
0.016958328800725102,-0.004200606018536296,0.0073267310606337085
0.02683554213752501,-0.005779902101269999,0.00686788030184732
0.037622311490867456,-0.007192428836457728,0.0062128589563272465
0.04911659073192541,-0.008430267614467963,0.005420692141052478
0.06106864299636031,-0.009506079388495754,0.004539125172551943
0.07338390474197366,-0.010436914243229614,0.0036012090691067717
0.0858370614673375,-0.011249958094793826,0.002631836685219834
0.09848614331647168,-0.011962105761916912,0.0016420437403934097
0.11106221619379686,-0.012602271567567248,0.0006416723731946672
0.12384192746992774,-0.01317502300998963,-0.00037406866983022793
0.13637294178177706,-0.013711304141468253,-0.0014016297944136752
0.14929712788365787,-0.014194733705384458,-0.002458222718942814
0.1617112450824722,-0.014667892023871107,-0.0035384366326826886
0.17494306891178338,-0.015080078874345025,-0.004673033408837003
0.18712788923425439,-0.015506000294491513,-0.00584546344277407
0.20095942485808013,-0.01583294059126736,-0.0071069107887741555
0.2126092955445889,-0.01620779925446491,-0.00841560319569148
0.22752231048410623,-0.016398956548178995,-0.00985843913917027
0.23791730207845285,-0.01670488558882773,-0.011343579687980467
0.254789341272957,-0.016660017286967334,-0.013023333338913116
0.26244603289580937,-0.016872893416854325,-0.01470981343577442
0.2830122201905438,-0.016415096702168765,-0.016676541164520563
0.28498034486399687,-0.016523689440197078,-0.018553680770372453
0.31269947920855556,-0.015354331810513157,-0.020840983467749742
0.30319899769068287,-0.015407501702755682,-0.022826681433734983
0.345048005957598,-0.013028190329355366,-0.025435220534226696
0.31292716464794235,-0.013239998830163151,-0.027313380067653183
0.3828489621632258,-0.008825092879281017,-0.030181605009807804
0.30656943611555165,-0.009813603982657834,-0.0314668814386485
0.432040298816998,-0.0020151618167060757,-0.034335068024565846
0.27028444071068,-0.005327213193723272,-0.033766891077593876
0.5055081286404496,0.00800630918638992,-0.03531804047454822
0.17942856366433366,-0.0012792273337881945,-0.028789784172433025
0.6311850868822361,0.02079073622243134,-0.023630829669742105
0.0,0.0,0.0
0.0,0.0,0.0
-0.015616464714334618,0.00437306626791388,0.00435410684667586
-0.013678254814283409,0.0034010196966235283,0.007048880618799401
-0.009569929970007064,0.001626555907903159,0.008584630257881237
-0.003818329841793629,-0.00044591968296818474,0.009297544752321113
0.003493426035286824,-0.0025611974320673874,0.009405692773552226
0.012206121721299867,-0.004562522475999001,0.009071018153434572
0.02214578834807581,-0.006365231338842313,0.008422941738200658
0.033071140837475366,-0.007939062948820845,0.007566203477566297
0.0448015085868186,-0.00928539924171482,0.006580253325172307
0.05707513832314343,-0.01042905854462008,0.00552398906808344
0.06979430754395848,-0.011398365940005066,0.004434641133754035
0.08269626500763165,-0.012231750801154451,0.0033376075418815863
0.09584443825884537,-0.012953876887141039,0.002241442589141376
0.10891998664638446,-0.013601979520923789,0.0011533252772165962
0.12223718517585139,-0.01418391266632175,6.40203441143552e-05
0.13526993635657325,-0.014737199572762127,-0.00102556632812749
0.14875187841016538,-0.015244423510594471,-0.0021378725361886246
0.16164941262243346,-0.01575536093252174,-0.0032689238548706803
0.1754743828480114,-0.016213364105585888,-0.004456038056543734
0.1881149054078256,-0.016704032931979,-0.005682076139754063
0.20261649055985026,-0.01710127727523155,-0.007007743230600471
0.21467757213776642,-0.017571069484460092,-0.008387252113045947
0.23040571203679924,-0.017855315823182612,-0.00992286408539229
0.24111814734496406,-0.018287339434822195,-0.011512418162657046
0.25905392491138624,-0.018350886088603025,-0.013334253029115109
0.2668178406694936,-0.018718817787741353,-0.015178159272282079
0.2888664039657236,-0.01836695617501804,-0.017362361901408274
0.2904928389030234,-0.018651826860512352,-0.019471812186717716
0.32040843074900177,-0.01754986419095456,-0.022082681397218078
0.3096558700914488,-0.017784873641721044,-0.02439474601851857
0.3549682733052365,-0.015368303167957986,-0.027461561017390883
0.3198563322879675,-0.015743855510186904,-0.029760350303412526
0.39560900569147334,-0.011075801939241741,-0.03322632773989785
0.3131534993863441,-0.012189794576397262,-0.03496249091230359
0.44897184521863104,-0.0037583694006402954,-0.03848405599340511
0.27532606077430827,-0.0071885020426393186,-0.03814028485771096
0.5293031988379305,0.007333826873776411,-0.04005433879341225
0.1815058341200542,-0.0022582812396381175,-0.0327836375087111
0.6657151014161973,0.021522033558603257,-0.02687587277436603
0.0,0.0,0.0
0.0,0.0,0.0
-0.02570336548807881,0.006170580873901728,0.005379651213482922
-0.02706207943886046,0.004883128261913443,0.00866188230092421
-0.0249985018407973,0.002536438874595443,0.01044896562682856
-0.02012882240920636,-0.00014266471402684349,0.011187300770975154
-0.012670782911326527,-0.0027895089214431306,0.01118517220454728
-0.0030458083890452944,-0.005199177045896656,0.010671139246855886
0.008293933109916036,-0.007282030125015753,0.009819686760628868
0.02086949234522882,-0.009027103776523293,0.008763863670300758
0.03434792162545735,-0.010463067922814028,0.0075990427624731205
0.04836563311599117,-0.011641944639346528,0.0063918612449317316
0.06279508871354317,-0.012613480700805124,0.005181404942239614
0.07733903822259168,-0.013433330662673972,0.003992028704930844
0.09208957691102605,-0.014136561949934023,0.0028286533061235445
0.10669631807253774,-0.014769865692770815,0.001695001339725971
0.12153957573629312,-0.01534408533950747,0.0005766900697527271
0.1360281982889052,-0.01590336119361665,-0.0005283402086864632
0.15101645954279747,-0.016428253140529765,-0.0016482287135625552
0.16533440857900272,-0.016976207643385005,-0.0027803037532829204
0.18071609469582195,-0.01748338078276615,-0.003968960697949495
0.19477635228920323,-0.018047834113727897,-0.005195809793134329
0.21097507850396835,-0.0185282519085406,-0.006532119044031715
0.22447804560544296,-0.01911301345568227,-0.007926597934038345
0.24216767985045234,-0.019514242979016782,-0.009499255399683243
0.25433935877028063,-0.020106299522693948,-0.011134526341815035
0.27468049238425324,-0.020315864228563834,-0.013042003037885608
0.28385984814087434,-0.0208908726279224,-0.014982858791132146
0.3090355251221954,-0.020698843849761058,-0.017330839486815446
0.31185854579914984,-0.021233538363976186,-0.019613093748498064
0.3460582437916689,-0.02026759399514952,-0.02250357095066784
0.33585649531145173,-0.020776330779342916,-0.0250892658849339
0.3872857176089783,-0.01839027830124699,-0.028593172800613048
0.3511216371692643,-0.01901761765077926,-0.0312778647275152
0.4358791744774721,-0.014115527480295903,-0.03536523563069165
0.3487005279909867,-0.015382827382256287,-0.03755350150205787
0.49811506783575804,-0.0061878973952809975,-0.041822346802023215
0.3117380298753902,-0.009631641445427845,-0.04175193752138703
0.5872913827186155,0.006521550903831625,-0.04417289444703172
0.20974892440816317,-0.003258223072157512,-0.0362417926728191
0.7334124526113647,0.023312626033257323,-0.029581918510261505
0.0,0.0,0.0
0.0,0.0,0.0
-0.03162669197374025,0.007868142666176503,0.007033839210201513
-0.032411977962323354,0.006212797145008959,0.011281854005642994
-0.029612445835983565,0.0032645064151319713,0.01347098974332177
-0.024271859055672435,-1.2789868057745479e-05,0.014209227620168878
-0.01665724353893023,-0.003154244978918196,0.013962190468568177
-0.007094041429282697,-0.00592519084591514,0.013086939118512133
0.004110907322196348,-0.00824401192533903,0.011846880368228537
0.016582347057248245,-0.010123603582809695,0.010427137857853565
0.030047748133718712,-0.011619197188384486,0.00894726230646008
0.04413900831182819,-0.012807924860530458,0.007480727969994258
0.058725953284329,-0.01375925180670486,0.006063600903975843
0.07346297024088412,-0.014545470973304758,0.004713526737095568
0.08845029187632632,-0.015211809376673976,0.0034267738296240957
0.10327555485927366,-0.01581478662448717,0.0021997485455996866
0.11837106568847197,-0.01636804096974246,0.0010100255991185635
0.13305241736565193,-0.016922843199782017,-0.00014932673449405558
0.1482958634313967,-0.017457054720726273,-0.0013137280482450546
0.1627615730414581,-0.018036690977794177,-0.0024825579664456967
0.178426275106014,-0.018589406964284853,-0.0037085154107353714
0.19257786685592515,-0.019227639130003023,-0.004971950651904611
0.20914193064522965,-0.01979244528593266,-0.006356460936322578
0.2226541590187099,-0.02049845551555887,-0.007804387675550931
0.2408801287347328,-0.021023423267090918,-0.009457040678248986
0.2529102849700564,-0.02179004714276783,-0.011183019918193243
0.2740962419625187,-0.02215912982979885,-0.013230751309222244
0.2828270818994215,-0.02296714290102066,-0.015327028589271485
0.3093811936885712,-0.022956741788796593,-0.017916896295386724
0.31113473319630913,-0.0237832461135267,-0.020456735157915167
0.34763330583728985,-0.022985439875652144,-0.02374950244587982
0.33514625950998156,-0.02383331022234137,-0.026740912725031235
0.39050485377002236,-0.021523867187139282,-0.03088111355496032
0.34979923525060896,-0.02250388489442818,-0.03415607301089415
0.44152651273672167,-0.017434433210322477,-0.0391719410898877
0.3458442015891558,-0.019005187569795894,-0.04208773624959311
0.5080664790767679,-0.00914296510125967,-0.04749795303681727
0.3065420815691166,-0.012782184140000362,-0.047920158701514226
0.6056744147222983,0.004830871288360969,-0.05114295046638453
0.20289503196776848,-0.005123565590266566,-0.04224287828780218
0.7655907901000267,0.02352492686117286,-0.034659362164724775
0.0,0.0,0.0
0.0,0.0,0.0
-0.04905388448065317,0.010747027135551352,0.008747709223341922
-0.05588493805728417,0.008404473436954711,0.013877537403857368
-0.05635000247921731,0.004350277131950293,0.0162944168835801
-0.0517953675492327,1.7012702594359705e-05,0.0168663775646771
-0.04302289782284285,-0.003934038742970951,0.016269245085239786
-0.031077307521267052,-0.007224844614823523,0.014994968547700712
-0.016898128830747282,-0.009814887993358726,0.013380214419703216
-0.0013047252527003848,-0.011788128684039592,0.011643497063409496
0.015198313652657502,-0.01326732742046536,0.009914627188664378
0.03213144644585609,-0.014382269481381812,0.008265423054583372
0.04936428609857905,-0.015236825689193887,0.006724219542444165
0.06654613540184436,-0.015925974506380332,0.005299357034663341
0.08384567143199641,-0.01650590141921985,0.0039770109299633455
0.10083466688315136,-0.01704195171980766,0.0027454920090771067
0.11804805445909479,-0.0175482999196465,0.0015739728870369008
0.1347302754358032,-0.018082063943776067,0.00045068756156777407
0.15202365834560053,-0.018616255692109934,-0.0006669400298394617
0.16841673063604076,-0.019225578542720227,-0.0017797373432619087
0.1861839945002068,-0.019827173807332156,-0.0029485405276096707
0.20225500584146405,-0.020549962168095872,-0.004151245415791458
0.22111199374268697,-0.021214657916308485,-0.005484166066388733
0.23657895200688456,-0.0220672689464297,-0.0068810397010651185
0.2574731850761185,-0.022746283643042677,-0.008506521381124664
0.27150316867756874,-0.02373296771853239,-0.010208852539462132
0.2960061355896263,-0.02431249444416279,-0.012281312426933894
0.3067293655338959,-0.02542885136073141,-0.014406692070845599
0.3376808906242532,-0.025680011611241924,-0.017116241319216567
0.3412435421903997,-0.02691612443794359,-0.019775046831721
0.383907690347387,-0.02640192002932427,-0.023348924726467286
0.37258889834111647,-0.02775683596440051,-0.026599784307189123
0.4369370696156889,-0.02566376631182148,-0.03127713761703672
0.3956501682816741,-0.027193147134352058,-0.03500616106821
0.5007209350090808,-0.022051410458440363,-0.04092072536567912
0.40008009471885114,-0.024054917789624153,-0.044481409411107016
0.582101490871361,-0.01337881536965228,-0.051149176558202294
0.36513532619774314,-0.01709478008980414,-0.052097530819317325
0.6941890687083606,0.0027680462703652685,-0.05640065972157532
0.2513475762417101,-0.007119270282514192,-0.04673543681450492
0.8673864796050695,0.02587421447075454,-0.03830950730709736
0.0,0.0,0.0
0.0,0.0,0.0
-0.05595586519846712,0.013166914516735987,0.011822017922100895
-0.05993192854774393,0.010064526783255097,0.018557508525601823
-0.057790130197174015,0.004969593877911558,0.021384777214558708
-0.051849182625112865,-0.00024172133582197388,0.021609224186883682
-0.04286612891671489,-0.004788154677324706,0.020302901845969074
-0.03145207868435369,-0.00841109048834612,0.018232653008656747
-0.018094420969212755,-0.011134461853067186,0.015886105157834483
-0.0033341347273780292,-0.013108730972252961,0.013542528190699371
0.01245142758252545,-0.014510052089052702,0.011340161520807863
0.028782230701594285,-0.015508313631015947,0.009335587154518422
0.04551577010228798,-0.01623374753177967,0.007534324929837641
0.06223449644412955,-0.016800008052947745,0.005922940390439918
0.07911463106598318,-0.017272119204703895,0.004468611742380562
0.09565114439104108,-0.017723515371314037,0.0031455529285095004
0.1124461560966373,-0.018167872196747318,0.0019107311538022183
0.12862666807206616,-0.018668170643257164,0.0007450889681189215
0.14549144263147565,-0.019191311098622037,-0.00040267324102232345
0.16130769431037117,-0.01982153412816988,-0.0015357935970359813
0.1786647970953869,-0.02046354538525048,-0.0027241718325246253
0.19405739824940577,-0.021265217777114046,-0.003943461223557519
0.2125845478174195,-0.022023439351980877,-0.005304052802508594
0.22721789061980155,-0.0230211110887391,-0.0067304612685525
0.24797053560902943,-0.023850509745437693,-0.008414010689955682
0.26089468926548826,-0.025062788697429568,-0.010180176524058608
0.28562541253635143,-0.025853448757637353,-0.012375606079508942
0.294727272132104,-0.02729643834231077,-0.014632277786279166
0.3265852225197985,-0.02781734526149696,-0.01758846429745104
0.32753800484656637,-0.02950461973475607,-0.02050047881551272
0.372327266932464,-0.029296493816455323,-0.0245448748764455
0.3565366395058541,-0.031243859349503907,-0.028256887937152964
0.42521207554746504,-0.029421095721731603,-0.03378776736943882
0.3761115556777653,-0.031669654311055985,-0.03829871883981147
0.4896479764663217,-0.026580966603849995,-0.04565072692984066
0.37564116240839535,-0.029333596039975606,-0.05035680336136165
0.5741593151813945,-0.01811310411420295,-0.05909160638596549
0.335591759530589,-0.022372011055509,-0.0610729302297179
0.6958588960560106,-0.0008351504493619077,-0.06726349579150191
0.22251899821714452,-0.010745188656433105,-0.056371304595975204
0.8869150938765996,0.02469784200373405,-0.047059954349267
0.0,0.0,0.0
0.0,0.0,0.0
-0.08843215724132032,0.018051011512569964,0.01488913868553443
-0.10379522852385545,0.013442123892305747,0.022839387223543835
-0.10642440869100904,0.0062779558090965545,0.02557786580693016
-0.09993010317489119,-0.0006128846792155076,0.025106427930944274
-0.08687835529286533,-0.006188070332755095,0.022959347748251355
-0.06970612059503836,-0.0102547833089853,0.02013036823735788
-0.050194919286036366,-0.0130196680226553,0.017187204188584007
-0.02959006542769136,-0.014812458639072303,0.014417012754407807
-0.008518467804241656,-0.015938243839043603,0.01193677548549658
0.012505955085431581,-0.016645154005516544,0.009773901009153586
0.03344145366716039,-0.01710230896050404,0.007905566586177928
0.05394433374865212,-0.017441491693770027,0.00629474997897342
0.07432996781435601,-0.01773070983606253,0.004889648533752634
0.09411263897946007,-0.018045291360646407,0.0036510184430043184
0.1140469710927178,-0.018392541978069346,0.002524930414774779
0.13318957513242843,-0.01883775125074417,0.0014863098747941394
0.15306078885386543,-0.019338011134303515,0.0004769027606320391
0.17171844664406305,-0.019986568515430243,-0.0005074726414405566
0.19214226993768416,-0.02067286775462663,-0.0015438664460629132
0.21036460784677669,-0.021566294717669063,-0.002604036760198203
0.23222426133820503,-0.022436263005348456,-0.0038106852195202755
0.24974461727987743,-0.023609718323174787,-0.00507677875912554
0.2743696897949041,-0.024625854373928283,-0.006619476349052944
0.2902606678980834,-0.026121275126893627,-0.008237040766885235
0.31982385693144405,-0.02718728700796822,-0.01033194425903739
0.3319175244739736,-0.029059389803320634,-0.01247508059740767
0.37026155929063553,-0.029959566199986434,-0.015423900247541417
0.37403148154743265,-0.0322755246361276,-0.018301046085279556
0.42812419109518285,-0.0325520174381398,-0.022531785834224393
0.41445586627088526,-0.03538203808492929,-0.02636589414450513
0.4971261185984754,-0.034088635433434634,-0.032457977599529446
0.4481447449830473,-0.03747077562608359,-0.037374050924820656
0.5831125630991336,-0.032702959872910047,-0.04594597166065361
0.46383150412261687,-0.03662834908643666,-0.05146296995370036
0.6946370340798274,-0.024800965593498245,-0.062317045795639715
0.43638491461966245,-0.029673028361526625,-0.06523094883425837
0.8443008698434274,-0.005120193829939528,-0.07381421596920909
0.31230134611018134,-0.014771953763001623,-0.062127524451986035
1.05873155814397,0.028003517839541,-0.05228682589414282
0.0,0.0,0.0
0.0,0.0,0.0
-0.0951494380357156,0.021815144349359918,0.020989269364742786
-0.10098669243578749,0.01589628450896671,0.03144821746673181
-0.09652232710933957,0.007394866031982883,0.03413998757464824
-0.08728844038559351,-0.00025611592818154016,0.032338059699822314
-0.0748368451292271,-0.006066110046123903,0.02850437463955324
-0.05996706526903214,-0.010030069157054981,0.02413049384692274
-0.04325080325270094,-0.012513896150795473,0.019963975923017702
-0.025351020681478285,-0.013953006683398574,0.016299403687051607
-0.006712948286075741,-0.014715355789530626,0.013194271769384014
0.0121127438571476,-0.015085142779048412,0.010605586791631946
0.031030510416845927,-0.015248035486147345,0.00845081407595883
0.04959507895206342,-0.015343529260278058,0.006648748989625282
0.06811774164200202,-0.015437639190384224,0.005116421687823872
0.08601652153929851,-0.015605355236332297,0.003793887369387096
0.10412066200152204,-0.015845774477581377,0.0026124751010827237
0.1213409578198953,-0.016225972292982907,0.0015384415901171333
0.13938117294190389,-0.016691639285768212,0.0005054779818179051
0.15601946403388803,-0.017345718939117787,-0.0004929603257261638
0.17461998272034085,-0.01806011304129028,-0.00154123072574892
0.19065518922524538,-0.019028390189154046,-0.0026084179385281324
0.2107468907161806,-0.019988049506044013,-0.003829446496353947
0.225794909319975,-0.021316699513022806,-0.005106955894231115
0.2488189160584912,-0.022490857725135906,-0.006684613809494366
0.2617352203758417,-0.024247584959869003,-0.008334131879024376
0.29008814023887847,-0.02555310954614072,-0.010518209049932803
0.29828658843477873,-0.0278374708737355,-0.01274442866801406
0.3362363292005352,-0.029074719195330306,-0.01590618260032801
0.3343914529684665,-0.03202287670428425,-0.01898016915646245
0.38969604293928567,-0.03274300595501597,-0.023692374737723253
0.3672150648920366,-0.03651971572758595,-0.027964387999431076
0.45418037140109335,-0.03575152270995897,-0.03509587384545079
0.3906707296513374,-0.04049529464141371,-0.04092683367025894
0.5359309810537877,-0.03620095507134765,-0.051603422713006275
0.3928328899051507,-0.041911300939941915,-0.05880219187809433
0.6458645897817512,-0.030086107572788144,-0.07336457297078174
0.351597073258086,-0.03678948509307285,-0.07834375815581522
0.8037499672197452,-0.010932334294463343,-0.09145803043358412
0.23056285157905987,-0.02114766152672089,-0.07846303164838987
1.040381795109578,0.023779769347933098,-0.06898724594881452
0.0,0.0,0.0
0.0,0.0,0.0
-0.16213191828512946,0.03158966118096154,0.026491570323996294
-0.18853856080818687,0.023008117742137242,0.03800923834509815
-0.18874205337316338,0.01154839521316528,0.03948162150864971
-0.17335448370674333,0.002185777101655663,0.035896600767591214
-0.1493009734402017,-0.0040656736313522636,0.030497484232251362
-0.12147099030239637,-0.0076396220659404315,0.024996648345729504
-0.09260244157765667,-0.009351235630162403,0.020124040448318024
-0.06410541048275767,-0.009938545370176272,0.01608419393930173
-0.036410367832627716,-0.009922957697623651,0.012840043737753916
-0.009811725462845622,-0.009644896266468273,0.010271361429829748
0.01592297326216127,-0.009293938074167788,0.008239362355117607
0.04057351437513528,-0.008995753847221554,0.006624451043353163
0.06469645267462067,-0.008794340205092335,0.005318883543021871
0.08778976387622439,-0.008749444058610613,0.004247378638278509
0.1108948943211108,-0.008841190625495618,0.0033322041496760216
0.13286842942560678,-0.009132045984482286,0.002534939940608243
0.15569313269929433,-0.009551120756699026,0.0017864771469977107
0.1769129689530328,-0.010209624720880212,0.0010805040234446546
0.2003753849066882,-0.010958545736804565,0.00033100945832666243
0.2209943226438435,-0.012018167625883945,-0.00042728580932711744
0.2463248502461515,-0.013089804503675738,-0.0013342447652135827
0.26606731160493813,-0.014610165055164019,-0.0022827907564919956
0.29510608551998657,-0.015984454357500066,-0.0035325817682708657
0.3128662464746204,-0.01807061332092603,-0.004831513422768225
0.34864471651112594,-0.01968996818475098,-0.0066871448931261285
0.36176227242459574,-0.022513398067180824,-0.008548143977491929
0.4096569839856942,-0.02422084648385485,-0.01142388746265106
0.412524979416547,-0.02804161083102674,-0.014146792952032118
0.4822983637503339,-0.02944566605574494,-0.018728164722737334
0.4636186373411976,-0.0346194440005743,-0.022744268223487542
0.5731262390334355,-0.03478724251748236,-0.03016885599866951
0.5107869424894368,-0.04167643387020034,-0.03603665556884746
0.6924688853259796,-0.03842959704914288,-0.04800616885509034
0.5432958967127939,-0.04706058340421888,-0.0559008563558551
0.8546661045628101,-0.03553927409609102,-0.07365297302439919
0.5330548360119365,-0.04514434035369386,-0.08005218231008387
1.0750555107239983,-0.01605449704400418,-0.09818284802200915
0.4064092731811909,-0.02760409368398392,-0.08474608247095382
1.3699698464138745,0.029876896636171144,-0.07663031753422626
0.0,0.0,0.0
0.0,0.0,0.0
-0.16488026560903274,0.039881878720259986,0.03835367587240432
-0.16185934559608936,0.031090999836581663,0.05287902244919892
-0.14579638838941517,0.020565847524413358,0.05253075157666631
-0.12779013360996505,0.01297055131730635,0.045559254821986826
-0.10874287112683434,0.008586184938539907,0.036948900139951765
-0.0885508066215759,0.006641699118122234,0.029014953800656194
-0.06741620717837904,0.006253395512474811,0.02249915188408158
-0.04593739768467318,0.006711226167725687,0.017415746739114585
-0.024493188545455593,0.007541111751683497,0.013525959868448812
-0.003575481921969652,0.008445621380946459,0.010557266958299442
0.016883106959857577,0.00927353192294469,0.008271582467113287
0.036496397768983585,0.009929100049890654,0.006488602686952733
0.05577685334002823,0.010396097515697577,0.005065244843511401
0.07409708650721271,0.010631997582808882,0.003905284989780295
0.09255077306611308,0.010676556459665865,0.002919481465140482
0.1098206395264775,0.010472062774157163,0.002062231686286195
0.12806093160919152,0.010106627024012846,0.0012610497379017106
0.14449418077063275,0.009460289197149715,0.0005073033741895689
0.16336596467810785,0.008704506101836304,-0.00028611067853382956
0.17894658969592517,0.007590694368564115,-0.0010842842121775022
0.19965618494022067,0.006457761984617619,-0.0020297495084741564
0.21387358134462034,0.004805295864655714,-0.003011427137370572
0.23831869505362038,0.0033095168762781275,-0.004299975128312522
0.24968189567908172,0.0009788669729958108,-0.005628751448157948
0.2811049974951703,-0.0008385361972605214,-0.007541833088770058
0.2862483640946328,-0.004088128229124322,-0.009443380360243864
0.3305297253442597,-0.006097850454946513,-0.012450190634914508
0.3224881904667336,-0.010654701395211791,-0.015269198151672842
0.39046024349446284,-0.012506327328522707,-0.020207055463925278
0.35531477618004936,-0.018957222572192626,-0.024504995533474058
0.4670131023822229,-0.019778282615099604,-0.03290984590457804
0.3778664877740717,-0.028888947456924982,-0.03959040933292369
0.5702541108538622,-0.02658779407660016,-0.05411865475716661
0.3766085060687275,-0.038995991275994416,-0.06407297217149657
0.7168237929053177,-0.028763488819133272,-0.08771875152378228
0.3275640199443264,-0.044097435872288156,-0.09776761024021866
0.9335161620984791,-0.016386822977752184,-0.1259966726073047
0.19810398577944066,-0.033296202772469995,-0.1121538949002644
1.2486437178116203,0.021673053139871046,-0.11047696393019296
0.0,0.0,0.0
0.0,0.0,0.0
-0.31692663030958007,0.06484237601307555,0.045504266381489744
-0.3450758214650335,0.054525844755548815,0.05859841996351457
-0.3237733648237538,0.04352803641674037,0.05489409642461344
-0.2818944245398017,0.037638698301181474,0.04523010700123767
-0.23397834618972854,0.03610935210326516,0.03500411453952439
-0.18707407261854414,0.037155998341687285,0.02633030406322831
-0.14353406127720464,0.03934387904535098,0.01966899492240165
-0.10373122417663327,0.04180246850659941,0.014802734901484666
-0.06711163335847625,0.04410325846412979,0.011330230359078344
-0.03328884334599028,0.046060248633831596,0.008875129032874669
-0.0014990524883210295,0.04763419104114554,0.007139966683663789
0.028312524100960756,0.04881543921852984,0.005912380912421452
0.05703208332010137,0.04965271092732494,0.005036428672432431
0.08419896139763486,0.05014342253441004,0.004410112156365005
0.11118069128184624,0.05036110206945624,0.003947398399653608
0.13665135501913936,0.05026058261514599,0.0036032003176224413
0.16309005274139082,0.04995271574036238,0.0033142403945165713
0.18750340428527734,0.049310662000610406,0.0030713670858440252
0.21468050319324852,0.04853166396398802,0.002801471763382987
0.23830530454763657,0.04733672104233555,0.002534192243777628
0.2678592377500106,0.046109387055049175,0.0021482429695226218
0.29037757594046304,0.044277211483697405,0.0017408501951003122
0.32477232707820053,0.042607591544551605,0.0010741858736
0.34478923396551625,0.03995288157224423,0.00038749834752161637
0.38818380931120816,0.03785501342319769,-0.0008149733455401597
0.40226384017454525,0.03403680754838359,-0.0019824512463382333
0.4622172137341481,0.03158424928157173,-0.004172998279198486
0.4629937646659944,0.026010444945272358,-0.0061497137432802605
0.5536249670356154,0.02344841668204851,-0.010193507322122621
0.5260888988695809,0.015130506938742646,-0.01356290756278222
0.673981180969696,0.013149255522298484,-0.021183354579293084
0.5885589616010646,0.0005797312780585939,-0.027013468149902475
0.8433287928645353,0.001053215525183632,-0.04154040827867578
0.6423456919107522,-0.017536675936184166,-0.0512909624961782
1.0934425349811197,-0.00950092653225636,-0.07748162516712498
0.6620211408692277,-0.034550058780929156,-0.08897802679076895
1.462257185836801,-0.0057680247473667805,-0.1245566092962123
0.5532310569104855,-0.03435978834758215,-0.1122236653312791
1.9648989721412042,0.04032050901117859,-0.11702835993579633
0.0,0.0,0.0
0.0,0.0,0.0
-0.2928853714404307,0.09066926044567314,0.0639140467518286
-0.23869446394137608,0.09117249469922269,0.07778597945462758
-0.1919521363606134,0.09295224231408782,0.06876311062507039
-0.15894380406478614,0.09734071163210922,0.05354820523916498
-0.13146683801916473,0.10269995548630544,0.0393746728618952
-0.10577275980561461,0.10805602389025461,0.02835019081847857
-0.08102074987125833,0.11291341753637088,0.020419848698764065
-0.057446333017280145,0.11705300734433371,0.014892260848216245
-0.03510648315137718,0.12043636948538944,0.011059620861003783
-0.014206933169658197,0.12310322650334694,0.008377669492033623
0.005616884446644062,0.12514954515822638,0.006467484885221155
0.024137339503574856,0.12664754579028692,0.005079209109191774
0.04207928194148123,0.1277004614574101,0.0040429978973116
0.058813229709009374,0.12833742020418568,0.003250256511051086
0.07564510065050375,0.12865801237097757,0.0026162862287928113
0.09108046568680839,0.12862610420970144,0.002093987956076751
0.10762258492095596,0.1283701763625336,0.0016260430490261778
0.12203360724500148,0.12775709205408534,0.0011994764714849553
0.13927457634768198,0.12700561909356223,0.000751565183736716
0.1525830210160638,0.12581139570388997,0.0003031577535908821
0.17192399352157067,0.12459781380175726,-0.00024919610552638524
0.18341375628449685,0.12273148583301903,-0.0008259379489942878
0.2071414574619031,0.12106455185735908,-0.0016347085338125008
0.21485772828564947,0.11831291449474317,-0.002468270759737903
0.2470586247835772,0.11620483312805287,-0.003775063807461925
0.24661863565827963,0.11216113540978448,-0.005055469243183905
0.29500075376781093,0.1096801101853159,-0.007308420103572671
0.27721328752361246,0.1036067992899745,-0.009359922545302022
0.35654696790446233,0.1009846747296647,-0.013474515571611532
0.30264915114575,0.09156552040165182,-0.01692321237533756
0.4413140815122155,0.08943179543219064,-0.024896759530640883
0.3140024597733593,0.07438131540258335,-0.031055642106738408
0.5661784967722536,0.07429556494168589,-0.047276782874188475
0.2936473915798965,0.04995141261254186,-0.05850276646622611
0.7603226718483007,0.055702428349724664,-0.09100763344280816
0.21311777709756818,0.01766024435604848,-0.10693197947884785
1.0702775743297233,0.03835890940828752,-0.1601954309296711
0.05570272631378515,-0.012863752499818606,-0.15063361463690245
1.532858827092716,0.03829287867097363,-0.18317312584431253
0.0,0.0,0.0
0.0,0.0,0.0
-0.6550343999676591,0.164150085686834,0.05748983775111108
-0.6238035584433821,0.17364322308851063,0.06376263371808671
-0.5265381689443164,0.18514489743839332,0.05287808304335003
-0.4250256899679363,0.19959586185007233,0.03879370990624091
-0.33612043790810703,0.21340373307585042,0.02667775959279359
-0.2617985029423519,0.2248870924047941,0.017837424635725335
-0.19930289926505707,0.23379481849319153,0.011964883280001275
-0.14561010970311372,0.24047887270383497,0.008294546343340972
-0.09817711571892479,0.2454314632021558,0.0061090724699347405
-0.05552376502475039,0.24906964649360788,0.004879307807916085
-0.01620885803102359,0.25172793500547824,0.004257382071351894
0.020183544188381666,0.25361813235014896,0.004021611418411653
0.05487463529245526,0.2549274775259859,0.004037064598136951
0.08749936298039108,0.2557304563640209,0.004213831496138108
0.11971150588004446,0.256160046637098,0.004500103285228743
0.15008008503797593,0.25619162402081813,0.004851910029065302
0.18149159462884873,0.2559744863456631,0.005250597075118377
0.21054778757109302,0.25536816312217586,0.005664848632718837
0.24281386381529296,0.25461666612672346,0.006092143880469108
0.2709695881535766,0.25338564161183297,0.006498284991109637
0.30614219793422554,0.2521454975792599,0.006890264215486994
0.3330572559936889,0.25018987257601166,0.007221293362978134
0.37424283298529626,0.24847181287006564,0.007500137806269178
0.39822419344056426,0.2455410030176463,0.007663554824896328
0.4508068434708812,0.243350407605786,0.007696347210147675
0.4675213361096872,0.23894419492427577,0.007534703863558752
0.5416181760705078,0.23632720256489098,0.0070500733368438415
0.5414265011795979,0.22948429846635734,0.006262132947043182
0.6568023168702247,0.22661116327268552,0.00464403531731919
0.6193107744394326,0.21547255292381295,0.0025974536813244973
0.8154499071318094,0.21280121377244535,-0.0016576322602301168
0.6987391316866071,0.1937503366928685,-0.006380233444857183
1.0554409126754178,0.19241385861179366,-0.016994099415720755
0.774270264296493,0.15861256537768811,-0.027270565608634337
1.4519656999666901,0.16182561453190372,-0.05214057235106353
0.8290899647376186,0.10213903144901089,-0.06982558257638849
2.1400535303690273,0.12198836501736567,-0.11644557630634017
0.7635347339200492,0.02657995444575946,-0.11767908695219771
3.2805259454070548,0.11044702569576549,-0.15036211152667878
0.0,0.0,0.0
0.0,0.0,0.0
-0.44769479910605214,0.2565187363154908,0.07072701380665836
-0.2594626502409194,0.3130985166614951,0.07175661214735943
-0.178298012073226,0.3560609268849481,0.0547962714376569
-0.13858768362066884,0.3860026176488042,0.037782631646250474
-0.11053414722433973,0.4063017566588454,0.025034686686106488
-0.08662146583033899,0.42017344472275003,0.016488647188362848
-0.06533135243304761,0.4297754662329279,0.01103477814787316
-0.046383315453105256,0.43649842199896116,0.007606365705749031
-0.029354247078627365,0.4412588667959559,0.005437380667188845
-0.014057656645684136,0.4446462914084143,0.0040379715427562865
7.094417371872302e-05,0.44706416433761215,0.0031137701835532547
0.012965914280480413,0.44875347171314767,0.002486962580767577
0.02534618447005157,0.44991007262945365,0.0020534448675264185
0.036677329598841,0.45061360682508494,0.0017435460461801549
0.048142139026847455,0.4509933706764583,0.0015185505306854483
0.05838445030061532,0.4510281096504273,0.0013427235860620224
0.06966020103115546,0.45085931333954304,0.0012030884048559014
0.07900221674080461,0.45035473830222483,0.001071751769949752
0.09092836199765635,0.44974609625125744,0.0009497044966245507
0.09919773962138348,0.44871682914794436,0.0008043866022294438
0.11300215697783336,0.447716761286449,0.0006472906285645615
0.11940137987563942,0.44607302250025543,0.00043259315868557704
0.13719133693546776,0.44470359221423716,0.00017790799013418486
0.13969328210752496,0.4422154103583321,-0.00017949711453886443
0.1654225385539955,0.4405053205796168,-0.0006363234250210253
0.15950938358486974,0.43670408581891396,-0.0012555154040694767
0.20097702209949886,0.434742642566521,-0.002130029198431269
0.17699404715047476,0.4287037775256866,-0.003231400716982167
0.24990116651625724,0.42674290295325334,-0.0050353269699487
0.18744008938125245,0.41661166761564555,-0.0070807022473732785
0.32376785020241305,0.4152554258026864,-0.011166867665695699
0.1799533246296304,0.3971918947960222,-0.015248102501110842
0.44527370404712574,0.3976816824055419,-0.025422451842403812
0.13078636429000232,0.3634559684818721,-0.03408327647441435
0.658739839895296,0.367815216988675,-0.06061290124762378
-0.004321773279452808,0.29983827371747396,-0.07678710107977318
1.0440947387173187,0.30967373054602043,-0.14158566783634569
-0.24542567935031673,0.1766967644257299,-0.14385018447911052
1.6653427515648416,0.18345674824868796,-0.26171989738237966
0.0,0.0,0.0
0.0,0.0,0.0
-1.3148224866947746,0.5149890554368524,-0.01089493224449534
-1.0234165821908068,0.5686092752850269,-0.0009190036104254143
-0.7599584500676414,0.6065812507073497,0.0019089417032226374
-0.5720869427027536,0.6369377713438154,0.0001956703736871589
-0.4379460549422787,0.65845528462539,-0.002012019277714636
-0.33709964372053963,0.6727336451677175,-0.003240049026288585
-0.25634508347691654,0.6820317924494442,-0.003420831240234967
-0.18827162500736278,0.6881494923038004,-0.00288621731461287
-0.12854175697798134,0.6922774639339685,-0.0019426670275596468
-0.07492046270266924,0.6951228022671634,-0.0008015841799963731
-0.025563811775082032,0.697118754372193,0.0004337490968470753
0.020153811295386185,0.6984987872669979,0.001690274713665029
0.06366918567335668,0.6994432814113565,0.002963881032010726
0.10469011470315528,0.7000143715411633,0.004211399142675797
0.14508385999232887,0.7003311609292155,0.0054776910011362645
0.18336741787032593,0.7003599306324302,0.0066963100019804865
0.22273951731578315,0.7002414983595178,0.007969537604923287
0.2595340153025481,0.6998321072059033,0.009160394854894359
0.2999074286834853,0.6993738885395422,0.010478112111971952
0.33581801594591665,0.6985320973317857,0.011634573893181238
0.3796560954093708,0.6977856565286348,0.013055963634556118
0.4144029636258497,0.6964223663568446,0.014142200697026215
0.4654219198783025,0.6954285606709617,0.015763868780474668
0.4971306948820815,0.6933177556676412,0.016680766788492493
0.5618533442030037,0.6921451576394498,0.01867339661747806
0.5854437494567631,0.6888127012920039,0.01918932399364391
0.6764112094930577,0.6876248491667359,0.02186830629439216
0.6800460345696654,0.6820902771732726,0.021467169953470738
0.8226910038467736,0.681272998897022,0.025416236292598916
0.7800202979395415,0.6714363260121082,0.02295278788226208
1.028199063853421,0.6718317717680974,0.02920743459156381
0.8812906404918648,0.6529264171399844,0.022104294679772447
1.3544667309402043,0.65622710194167,0.0323295978784519
0.9741922454240546,0.6166362708929328,0.014864102763858359
1.9539770350699397,0.6263378996490173,0.031624671030254514
1.0349547935355239,0.5360483050214166,-0.006746744786623202
3.245801454081496,0.5642530928921258,0.02333788543606797
0.9357423465664733,0.3442181644585446,-0.0398965086383299
6.496292867070294,0.46354552101520696,0.030218524039893398
0.0,0.0,0.0
0.0,0.0,0.0
0.0,1.0,0.0
0.0,1.0,0.0
0.0,1.0,0.0
0.0,1.0,0.0
0.0,1.0,0.0
0.0,1.0,0.0
0.0,1.0,0.0
0.0,1.0,0.0
0.0,1.0,0.0
0.0,1.0,0.0
0.0,1.0,0.0
0.0,1.0,0.0
0.0,1.0,0.0
0.0,1.0,0.0
0.0,1.0,0.0
0.0,1.0,0.0
0.0,1.0,0.0
0.0,1.0,0.0
0.0,1.0,0.0
0.0,1.0,0.0
0.0,1.0,0.0
0.0,1.0,0.0
0.0,1.0,0.0
0.0,1.0,0.0
0.0,1.0,0.0
0.0,1.0,0.0
0.0,1.0,0.0
0.0,1.0,0.0
0.0,1.0,0.0
0.0,1.0,0.0
0.0,1.0,0.0
0.0,1.0,0.0
0.0,1.0,0.0
0.0,1.0,0.0
0.0,1.0,0.0
0.0,1.0,0.0
0.0,1.0,0.0
0.0,1.0,0.0
0.0,1.0,0.0
0.0,0.0,0.0
