0.0,0.0,0.0
0.0,0.0,0.0
0.0,0.0,0.0
0.0,0.0,0.0
0.0,0.0,0.0
0.0,0.0,0.0
0.0,0.0,0.0
0.0,0.0,0.0
0.0,0.0,0.0
0.0,0.0,0.0
0.0,0.0,0.0
0.0,0.0,0.0
0.0,0.0,0.0
0.0,0.0,0.0
0.0,0.0,0.0
0.0,0.0,0.0
0.0,0.0,0.0
0.0,0.0,0.0
0.0,0.0,0.0
0.0,0.0,0.0
0.0,0.0,0.0
0.0,0.0,0.0
0.0,0.0,0.0
0.0,0.0,0.0
0.0,0.0,0.0
0.0,0.0,0.0
0.0,0.0,0.0
0.0,0.0,0.0
0.0,0.0,0.0
0.0,0.0,0.0
0.0,0.0,0.0
0.0,0.0,0.0
0.0,0.0,0.0
0.0,0.0,0.0
0.0,0.0,0.0
0.0,0.0,0.0
0.0,0.0,0.0
0.0,0.0,0.0
0.0,0.0,0.0
0.0,0.0,0.0
0.0,0.0,0.0
0.0,0.0,0.0
-1.2730021604729895e-05,3.7124307380018376e-05,4.034224832212806e-05
0.00014389578216660072,3.1732525955932466e-05,5.8436977365640305e-05
0.0003533446661091909,1.9507598649281427e-05,6.496133303016973e-05
0.0006257111246612012,2.8756534177489e-06,6.102162514343033e-05
0.0009742501841073963,-1.766589396908932e-05,4.4770566534389734e-05
0.0014105534271544983,-4.17252577689545e-05,1.3977123706746254e-05
0.001943525392283234,-6.882790155863184e-05,-3.336303802089411e-05
0.0025787886401074166,-9.840839718255212e-05,-9.887171531637216e-05
0.0033184380999581324,-0.00012982680703602762,-0.000183725819637659
0.004161015207258251,-0.00016238655206904116,-0.0002886187234132697
0.00510173610725654,-0.0001953488031041171,-0.0004137400322985125
0.006132761160136788,-0.00022795079404336886,-0.0005587630416398369
0.007243770775966597,-0.00025941660835055857,-0.0007228567225694108
0.008422234328736896,-0.0002889822406139791,-0.0009046896418973443
0.009654369816257367,-0.0003158943066284982,-0.0011024833429587072
0.010924860880949067,-0.00033945541491421725,-0.0013140062223359903
0.012218738630982728,-0.0003589819244639931,-0.001536701797487399
0.013519200194946561,-0.000373915697865362,-0.0017675935947262893
0.014812475063880656,-0.00038365473628998475,-0.0020036065492294993
0.016079898900402272,-0.0003878799804047693,-0.0022411499528031125
0.017312346448969364,-0.00038599822928848444,-0.0024770189998299694
0.01848516917321061,-0.0003781358522670963,-0.0027069602723922698
0.019601809131054092,-0.00036341933716056354,-0.0029283431425637502
0.020618317347559777,-0.0003429616650527891,-0.003135650289013259
0.021572568109764174,-0.0003147409698788785,-0.0033284300341528167
0.022364078110649926,-0.0002823419131390301,-0.0034977636731092446
0.023125908149657846,-0.00024016386833416233,-0.0036495081397234946
0.02360100537629941,-0.00019827100062076914,-0.003765038467870757
0.024180306614535678,-0.000140955299401245,-0.0038674343866909548
0.02418845482614952,-9.529097122393377e-05,-0.003911065902703854
0.024694600139346174,-1.8505677618868443e-05,-0.0039647663480694255
0.023939660897812617,1.844010820103946e-05,-0.003910487254242364
0.024723568708135114,0.00012818319801816076,-0.003935653286184906
0.02255530119990094,0.0001289387718898949,-0.0037346102163595546
0.02453556756749808,0.0003089986623319953,-0.0037945258528292777
0.01943607523287036,0.00021124014294136192,-0.0033378613154562814
0.024858915862740485,0.0005601069397918268,-0.003587248975574975
0.013116531419151478,0.00021119171032461153,-0.0025847307174228402
0.027516088017330815,0.0009727985607987679,-0.003190526806663313
0.0,0.0,0.0
0.0,0.0,0.0
0.00013381292059963255,5.5731861322233926e-05,4.297516597230855e-05
0.0005358974593189255,4.649257107025172e-05,6.244105599597238e-05
0.0010123918346388915,2.5555402671688015e-05,6.892676966688869e-05
0.0015798045502386227,-3.3340452475321485e-06,6.414697333718482e-05
0.002258650337658581,-3.9183854565730375e-05,4.63249081779834e-05
0.0030651509107476257,-8.116577789232235e-05,1.3132974643136166e-05
0.004010428055089561,-0.00012836178505545403,-3.753135026156046e-05
0.005099995901678672,-0.00017972731121418894,-0.00010735691327907955
0.006333611200001026,-0.00023410374248454552,-0.0001975553111212803
0.007705415746835308,-0.0002902456120273057,-0.0003088248521020047
0.009204520429435332,-0.0003468458863834369,-0.00044133436990721026
0.010815620013738272,-0.00040257046181023625,-0.0005947130855757782
0.012520182915457746,-0.0004560767254181179,-0.0007680683898367483
0.014296975226642401,-0.0005060602953972549,-0.0009599897937385329
0.016123930583627735,-0.0005512471651416774,-0.0011686120220311413
0.017977487493587397,-0.0005904795469691029,-0.0013916006040356594
0.019836208995813804,-0.0006226243926792914,-0.001626301511341676
0.021676294607998574,-0.0006467910584428016,-0.0018696143380244293
0.02348101389993472,-0.0006619863855737743,-0.0021183710483884135
0.02522490557696016,-0.0006677592218271084,-0.0023688227182612712
0.02690185389675787,-0.0006630902731438284,-0.00261770308637267
0.028475941097965883,-0.0006483505694085777,-0.00286052143748218
0.029966031188077325,-0.0006219135785078904,-0.003094684663965843
0.031299347566113495,-0.000586008711969536,-0.0033142427817645283
0.032560547611654424,-0.0005367137277635367,-0.003519056093587305
0.03356833053756733,-0.00048097308051331806,-0.003699293295835452
0.03458729152919633,-0.00040790253619844586,-0.0038618358304590514
0.03513814805748359,-0.00033683423454720576,-0.003985993307338229
0.03597029952513657,-0.00023748754179921504,-0.004097616894710111
0.03581615047227288,-0.00016160103328397973,-0.004146331022255197
0.03669277408763594,-2.7449073902388875e-05,-0.004207792518122075
0.035309481745034704,3.013637217399054e-05,-0.004153278524809315
0.036895838571983273,0.00022445235404983024,-0.004185833373713665
0.03311180959928254,0.00021262154523097538,-0.00397705457225969
0.0370954884514818,0.0005344923864711089,-0.0040466994437259015
0.0282203753439604,0.00033769732384889326,-0.003573824002493589
0.038633660807335705,0.0009529948357531286,-0.00383479159685538
0.01845677824678121,0.00030169702120137407,-0.0028044415223817693
0.04464532901168181,0.0015739245205646578,-0.0033331049732788698
0.0,0.0,0.0
0.0,0.0,0.0
0.0003041110391766057,6.883072554560464e-05,4.3904443405561154e-05
0.0009642260877441843,5.5362932278411834e-05,6.340868224849689e-05
0.0017229010778201175,2.5853028555910316e-05,6.863784441977835e-05
0.002599481982278064,-1.479812750265832e-05,6.178122267593094e-05
0.0036200044245779804,-6.522239490834236e-05,4.125082712555052e-05
0.004804526019032257,-0.0001241925721730757,4.741623444465372e-06
0.006165887223743349,-0.000190348104860306,-4.9856110191338786e-05
0.00770913692007893,-0.00026216208764116123,-0.00012422157377080747
0.009431480494756454,-0.0003379604414476573,-0.0002195320438293321
0.011322600322943419,-0.0004159614445158423,-0.0003364295192242197
0.013365616658600856,-0.0004943121326597341,-0.0004750124059312089
0.015538021445006872,-0.0005711399415874636,-0.0006348311015185523
0.01781350759233435,-0.0006445771367705668,-0.0008149169590986108
0.020162659476963427,-0.0007128308553793707,-0.0010137869601301954
0.022555820297722153,-0.000774162793300527,-0.001229522709255176
0.024961823317666273,-0.000827021157625195,-0.001459741332006799
0.027353646029569332,-0.0008698851220106987,-0.0017017775309407504
0.029701037541409514,-0.0009016072120737492,-0.0019525033765355544
0.03198540283962557,-0.0009208554955289764,-0.0022087931844523958
0.03417461849198837,-0.0009271308332504048,-0.0024668576910493742
0.03626715945955132,-0.0009190088252446245,-0.0027235481152768806
0.03821498106194386,-0.0008972095026813633,-0.0029742391963220012
0.04005524427025458,-0.0008593047083946815,-0.0032166015640395606
0.04168328892507501,-0.0008088028783852289,-0.0034442828616164096
0.04323654633685935,-0.0007396930859361003,-0.0036577543091735293
0.0444450885410195,-0.0006625869753117036,-0.003846147751251259
0.04571777561868437,-0.0005608658945168159,-0.0040177915675447765
0.04633566592270721,-0.00046373631616242205,-0.0041495675888925726
0.04743239964240434,-0.00032545694758123907,-0.004270661753806797
0.04711343685455649,-0.00022351664708834942,-0.004325410878266739
0.048390659147650755,-3.584100009021146e-05,-0.00439669033285684
0.04638337776086944,3.7449507608272954e-05,-0.004345126440849631
0.04881819057185343,0.00031138348685296033,-0.004387962698010713
0.04344352312429629,0.00028240572305475437,-0.004177623074024047
0.049461597196561326,0.0007377593414750793,-0.004257492476729766
0.03692876420815634,0.000442929140028357,-0.0037784955578536606
0.0521940360655234,0.001306222740528079,-0.0040413067051988764
0.024012103162968663,0.0003792608836009518,-0.0029932425636967153
0.06115425365385118,0.002131021192220445,-0.003451460380849916
0.0,0.0,0.0
0.0,0.0,0.0
0.0005005843434584501,7.936471749403818e-05,4.487703061066032e-05
0.0014372589074349406,6.133519339459071e-05,6.381921030921966e-05
0.0024964415964188586,2.2803644067543315e-05,6.699258602551778e-05
0.0036990015267625194,-3.00583222112694e-05,5.709407343780947e-05
0.005075099716451436,-9.548020153996839e-05,3.273534725560857e-05
0.006647657097314602,-0.00017183021906464412,-8.344117466194208e-06
0.008430618368868494,-0.00025728925520882354,-6.823622957294797e-05
0.010428232737008405,-0.00034982610984281407,-0.00014858318260395603
0.012635077763657587,-0.00044723071852375884,-0.00025049772995129664
0.015036532124708627,-0.0005471711564347573,-0.0003745328232455686
0.01761011823659888,-0.0006472425473908486,-0.0005206839478390428
0.020326690245266916,-0.0007450380321800403,-0.0006883920399504617
0.023152930020504173,-0.0008381761398237533,-0.000876588486817029
0.02605204733890202,-0.0009243972441649599,-0.0010836995711815778
0.028987781536522376,-0.0010015214974669828,-0.001307748922652208
0.03192215532243845,-0.0010676372748959744,-0.0015463049158299194
0.03482364682928048,-0.0011208580374836073,-0.0017967114592460313
0.037656005216755745,-0.0011598224505622505,-0.0020558264958544367
0.0404000151283808,-0.0011828633186257687,-0.002320616016683631
0.043016527945863976,-0.0011894913970985554,-0.002587260408241788
0.045510489560478457,-0.0011778335078738659,-0.002852814790624636
0.04781970118396437,-0.001149060602460643,-0.003112488889882124
0.05000347049685653,-0.0010997964380643386,-0.0033643698351579045
0.05191975214547892,-0.0010350496246732228,-0.0036015577767529606
0.05376750217521817,-0.0009463562548554894,-0.0038254345350092166
0.05517525337993175,-0.0008485008810788016,-0.004023686030299306
0.05671557746127835,-0.0007183203819714651,-0.0042067230335073105
0.057401809903908814,-0.0005960048144577947,-0.004348030439526809
0.0587923466774068,-0.0004186885920069966,-0.0044814953028577366
0.0583092873299709,-0.00029184750131578004,-0.004544066535232375
0.06003623085764179,-4.9958440035092116e-05,-0.0046286976698361485
0.05740079245152389,3.7601365318228455e-05,-0.00458105689795931
0.060753493706648315,0.0003925492252249265,-0.004638395676674625
0.05377959011376738,0.0003450907148083068,-0.0044252632486999205
0.061903402912421905,0.0009356653546116817,-0.004520749955044102
0.04572089059273474,0.0005435628801666022,-0.004028671663805437
0.06584466414612385,0.0016567389352083047,-0.004303401212818068
0.02971851323172159,0.0004601889628340713,-0.003214839918553799
0.0776769955992802,0.002698122964425596,-0.0036347642514931834
0.0,0.0,0.0
0.0,0.0,0.0
0.0007279686499994823,8.741633502759317e-05,4.6205343678003356e-05
0.0019654238961875972,6.444849369244754e-05,6.431395081230029e-05
0.0033477810092813697,1.6313924278801076e-05,6.481546542573548e-05
0.004896286044712245,-4.945541589255215e-05,5.107345431921429e-05
0.006643930962661013,-0.00013061659310760097,2.1942140225828915e-05
0.008615399186664024,-0.00022509096030959102,-2.4780661132612093e-05
0.010824956367227247,-0.00033056495449182736,-9.11553045111356e-05
0.013275607059890103,-0.0004444696089523214,-0.00017876830847358722
0.015959205439947093,-0.0005640302669935914,-0.00028864531280687017
0.018857048826676163,-0.0006863454121822859,-0.0004212248711883239
0.02194160924384359,-0.0008084491092707799,-0.0005763744445192887
0.02517787814885753,-0.0009274042113754775,-0.000753401359567447
0.028526571114087605,-0.001040328126299969,-0.0009511186857474661
0.03194460897847229,-0.0011445202054461512,-0.0011678469249060109
0.035390458263219064,-0.0012373842582067195,-0.0014015485946610646
0.03882037268718624,-0.0013166886836114516,-0.0016497406010561688
0.04219978506864103,-0.0013802018642576843,-0.0019097937746350973
0.04548698959164485,-0.0014263975897742154,-0.0021785565400371564
0.04866382112170972,-0.001453264973539051,-0.0024531300348856313
0.05168352104151373,-0.001460391842593026,-0.002729658978273506
0.05456005769315358,-0.0014453802658691292,-0.003005483318747473
0.05721421542618255,-0.0014099784573642622,-0.0032755955271830785
0.05973268676285842,-0.001349644398463373,-0.003538652293393278
0.061928472910812424,-0.0012711758396699475,-0.003787032533338956
0.06407390571273852,-0.0011631426873511144,-0.004023341303459195
0.06567845174986355,-0.0010451791208531992,-0.004233372297282275
0.0675045812578519,-0.0008864614488682576,-0.00443028766375033
0.06826003941053131,-0.0007396657007807798,-0.004583154738074542
0.06998252581902918,-0.0005225136659252885,-0.004731997809658243
0.06933428199155012,-0.0003715547658279797,-0.004804186567719818
0.0715757977448407,-7.343797495415056e-05,-0.004905779518283758
0.0683006215961792,2.741283696766196e-05,-0.004862942377254354
0.07266771004449396,0.0004670911444683187,-0.00493924671923607
0.06406152862350588,0.00039982635108511475,-0.004721993990451495
0.07441585125457832,0.0011314708898157101,-0.004839386345132563
0.054519831064738955,0.000640363479561043,-0.004328113158781554
0.0796415649114045,0.002012228991512639,-0.0046255459217324785
0.035460628742721066,0.0005423729257505378,-0.0034789167134366907
0.09440431972894235,0.0032794701463482014,-0.003872854117937864
0.0,0.0,0.0
0.0,0.0,0.0
0.0009907189309043135,9.260737886628008e-05,4.834452348816818e-05
0.002557315263320596,6.422669947559648e-05,6.581840253322221e-05
0.004289069183605879,5.815118104570263e-06,6.341361338973568e-05
0.00620603939206237,-7.367306394195428e-05,4.53535562606707e-05
0.00834259386204888,-0.00017145032341691314,1.0807340148818271e-05
0.010723963120219055,-0.0002849359624034307,-4.2348080504856716e-05
0.013363876461407062,-0.0004112753379848508,-0.00011612993929430309
0.016263640567003603,-0.0005473214414287742,-0.00021205439578537863
0.019412364658294143,-0.000689702256871839,-0.0003310417098920266
0.02278762763477863,-0.0008349254085999281,-0.00047339521937139864
0.026357604203480642,-0.0009794544114511237,-0.0006388344516730577
0.03008242440902193,-0.0011198279690286328,-0.0008265140743215203
0.03391814977638324,-0.001252677846900279,-0.0010351158900355193
0.037816722769864974,-0.0013748939883005255,-0.0012628432870476583
0.041732944173504795,-0.001483493103992874,-0.001507598165616129
0.04561848086620541,-0.0015759720280524524,-0.0017668430003212584
0.04943745228822159,-0.0016497758565146156,-0.0020379938018187326
0.05314320629771448,-0.0017032735749158946,-0.002317887879845494
0.05672065261307156,-0.0017340942262398403,-0.0026038031600232373
0.06011448065332868,-0.0017419870826505843,-0.0028918303223638238
0.0633508751492399,-0.0017239264294109096,-0.003179673841873614
0.06632977004720972,-0.001682399171380812,-0.003462036608268502
0.06917188110474166,-0.001611415133543901,-0.0037383017455403273
0.07163550204728907,-0.0015199297251539269,-0.0039999269529349644
0.07408130332386564,-0.0013928939318760246,-0.004251065191766485
0.07587752435110529,-0.0012556463766374751,-0.004475143503906787
0.07800934867675179,-0.0010682996617795274,-0.004688759783314541
0.07883156914646444,-0.000897899792077336,-0.00485552949276723
0.08092929258669268,-0.0006398907348311319,-0.005023043207340198
0.08010943925030421,-0.00046576943097516424,-0.005106949242393789
0.08294156507589422,-0.00010882799097513606,-0.005229332229650175
0.07900500194440888,4.059956713149298e-06,-0.005192555328601325
0.08450557549505473,0.0005333664435002661,-0.005292394049397349
0.07421248565389953,0.00044423595853490744,-0.005070402750237719
0.08696765639974036,0.001324885099841933,-0.005215660334643383
0.06324763871969467,0.0007310012686385279,-0.004680926306410855
0.09359685150030983,0.002373238836778589,-0.005009026986684015
0.041170140908533784,0.0006226412204177563,-0.003790912089294453
0.11140574423249842,0.0038737620757449366,-0.0041587591885206415
0.0,0.0,0.0
0.0,0.0,0.0
0.001287516831853581,9.499558829183553e-05,5.178763207335691e-05
0.0032108785784132985,6.06219900290726e-05,6.926381987376704e-05
0.00531757278087469,-8.882066658724792e-06,6.410594895474563e-05
0.007624671197584433,-0.00010306037921180861,4.160606396194336e-05
0.010166359528829938,-0.00021850144940733628,1.339472301165051e-06
0.012967136141914946,-0.00035205712710299037,-5.870922070834628e-05
0.016039289347408076,-0.0005002749363830801,-0.00014050382137785583
0.019381946095550398,-0.0006593821947289209,-0.0002454812731373577
0.02298145812544827,-0.0008253725406268549,-0.00037444637248404183
0.026812089547766288,-0.0009941407120047548,-0.0005275554367360174
0.0308385615360582,-0.0011615716621852716,-0.000704369606926275
0.03501724490168415,-0.001323690467193729,-0.0009038802089011795
0.03930101155328752,-0.0014766632679558535,-0.0011246325510159126
0.043638242941926204,-0.001617009542380737,-0.0013647062199579267
0.0479818664440853,-0.0017413922266999084,-0.001621946875447768
0.052280183663490104,-0.0018470938648943388,-0.0018937581934897767
0.05649795829110115,-0.001931257721510645,-0.002177619161564162
0.06058398018942971,-0.001992219501604718,-0.0024703455821383797
0.06452861254558172,-0.002027221741216668,-0.0027694305787004337
0.06826662342376262,-0.002036278710452896,-0.0030708757167451826
0.07184030919472177,-0.002015604809590273,-0.003372827235340158
0.07512388221123316,-0.0019686265211168326,-0.003669601536744666
0.07828021326287203,-0.001887557077569862,-0.003961468011381355
0.08100088957077817,-0.0017839629701431657,-0.004238732435595011
0.08375303641243106,-0.0016383849433765836,-0.004507431413336464
0.08573690305299463,-0.001482899134856041,-0.004748121435217147
0.0881995905562503,-0.0012668746932322542,-0.004981531582124434
0.08908648807421068,-0.001073972652803853,-0.005164788249759375
0.09161074203505953,-0.0007739592227245974,-0.005354450292352354
0.09061108141265675,-0.0005778596178501136,-0.005452399239471718
0.09412233928510176,-0.0001590662830117703,-0.005599485202258744
0.08949643516459503,-3.566856945174097e-05,-0.0055703555020847
0.09627011468199874,0.0005890796851843348,-0.005698212625204189
0.08422000580294724,0.0004755389306875748,-0.005471548089512377
0.09958101855016885,0.001514678263440753,-0.005650036328521678
0.07189462589523109,0.0008132393459803337,-0.005089003402829839
0.10775707686143009,0.0027396031885439653,-0.005453414339208241
0.04684138596991134,0.0006993486187714577,-0.004152517977462123
0.12875238305202372,0.0044816797452141,-0.004488531273757304
0.0,0.0,0.0
0.0,0.0,0.0
0.0016174237955595883,9.475848808974378e-05,5.736999285945296e-05
0.0039250002039493866,5.3731741445191164e-05,7.615572713352312e-05
0.006431787849354015,-2.778828942320069e-05,6.89801424192026e-05
0.009149802390132793,-0.0001377437875597445,4.242868433107438e-05
0.01211134868007088,-0.00027201574027752387,-3.416458549144208e-06
0.015338877798209383,-0.0004268216886624195,-7.042965524038982e-05
0.018842390687725162,-0.0005980534673268104,-0.00016050872496673767
0.022618482356303714,-0.000781264393889653,-0.00027500090148141725
0.02665092420738203,-0.0009717760894731134,-0.00041458425020184954
0.03091127660170662,-0.0011648483017782018,-0.0005792554684771359
0.03536187494714063,-0.0013557789244951276,-0.0007684074764906331
0.03995660665579722,-0.0015400907424015702,-0.0009808587018576998
0.04464679073542629,-0.0017135037730737672,-0.0012150155995653464
0.049378718616300235,-0.0018722083118807682,-0.001468828988716887
0.05410533789698818,-0.0020125451672968163,-0.0017400960898288373
0.05877269543257003,-0.0021316444992339734,-0.0020261566243111534
0.06334824901716145,-0.0022263635528616574,-0.0023245726550221637
0.06777629747638118,-0.0022950854205781735,-0.0026321218928603983
0.07205526550888655,-0.0023346249781844327,-0.00294655260656924
0.07610798659087355,-0.002345384485246148,-0.003263728841803101
0.07999738703190311,-0.002322653298580697,-0.0035823192667354654
0.08356583691965166,-0.0022710410315241224,-0.0038961356429118585
0.08702795103007806,-0.002180547646893163,-0.004206502250848094
0.08999420266786512,-0.0020658943928970755,-0.0045023143251200866
0.09305938538020445,-0.0019022852740598105,-0.004791842345209499
0.09522443853751045,-0.0017297474462319017,-0.005052241228447525
0.09804369568080139,-0.001484969817806963,-0.005309073842885925
0.0989882675514639,-0.0012708176918770145,-0.005511940476686077
0.10199147890797303,-0.0009275064644886103,-0.005727723547017745
0.10079584974691,-0.0007107991146584805,-0.005842595779600337
0.10507874345759122,-0.000226793644217891,-0.006018686837567617
0.09972439254135712,-9.468115719705623e-05,-0.0059994053282478674
0.10792207260078426,0.0006319493387734055,-0.006159904183667269
0.09402993932206742,0.0004910207761176901,-0.00592937765043139
0.11222639105788702,0.001699163231640659,-0.006146018125043872
0.0804105926565964,0.0008846861695800094,-0.005556718151856157
0.12211478642676189,0.0031103555332314932,-0.005961361820627183
0.05243968011384338,0.0007706912785948041,-0.004566754799180826
0.14646463491871356,0.005102934040721439,-0.004862100171535195
0.0,0.0,0.0
0.0,0.0,0.0
0.0019687504573882857,9.304373353639865e-05,6.580573682585548e-05
0.004679975935457275,4.460006923724692e-05,8.774225309574221e-05
0.007604742874223722,-5.0074166722866655e-05,7.974152561290665e-05
0.01074806903556408,-0.00017715066367873515,4.9943595987766604e-05
0.014138825795121334,-0.00033169544358460906,-9.443489141308198e-07
0.017796187061137586,-0.000509208325256095,-7.461650677945146e-05
0.0217270499205402,-0.0007048549777369615,-0.00017289378993753333
0.02592510293668997,-0.0009134582980228925,-0.0002970287789683093
0.03037167090601797,-0.0011296264455309905,-0.00044756929486766136
0.03503615217385006,-0.001347963098517833,-0.0006243478502849836
0.039879515087233745,-0.0015631740315589285,-0.0008265874243844543
0.044854359993091016,-0.001770297725642329,-0.0010529301290022573
0.04991206401819906,-0.0019646326948178053,-0.001301646786885161
0.0549981884871596,-0.0021420891763720205,-0.001570556268536657
0.060067603402590306,-0.002298719012100799,-0.0018574173742826666
0.06506501676580762,-0.00243156957599449,-0.002159496932267954
0.06996272220774563,-0.002537222145866064,-0.002474459792868729
0.07470023915789961,-0.0026141985833853143,-0.002799018839549368
0.0792869675426668,-0.0026588278550419334,-0.0031312165120750534
0.08363113982894882,-0.0026720444472413756,-0.0034667137175476807
0.08782159337700728,-0.0026480108130269627,-0.0038047838304328552
0.09166148599942131,-0.002592808432800322,-0.004138591075344697
0.09542837796168596,-0.0024937350967624023,-0.0044706902909875355
0.09863483112580282,-0.002369301599309787,-0.004788277242376351
0.1020276610394451,-0.002188311589308546,-0.005102218545222998
0.10437275736369729,-0.002000128171168925,-0.005385710385361153
0.10758273341969747,-0.0017265747081197085,-0.0056698557471480055
0.1085816718032545,-0.0014926174257373966,-0.005895699740752372
0.1121252662523944,-0.0011046173403257472,-0.006141755405361222
0.11071837532135605,-0.0008688124374422841,-0.006276663023347572
0.11587548144617804,-0.0003158862626474489,-0.0064861371055723845
0.10975026096524969,-0.00017690453295579012,-0.006479213320318502
0.11953568606112841,0.0006587951961995876,-0.0066769170173061705
0.10370679176944812,0.0004875449305229488,-0.006443854801039339
0.12498668679343879,0.0018765091001577052,-0.0067032591163566115
0.08885722225794511,0.0009435104049458799,-0.006084457837989796
0.13676000731449048,0.003485700855145248,-0.006532328586076909
0.05801142645619626,0.0008362990003894841,-0.0050335153188283245
0.1646406322999294,0.0057405069858224534,-0.005277669791823441
0.0,0.0,0.0
0.0,0.0,0.0
0.002335602833834626,9.083682183217754e-05,7.843311631898817e-05
0.005467286340897623,3.4145614924838973e-05,0.00010636236550735313
0.00882511020538327,-7.494289267288817e-05,9.955238418194901e-05
0.012404938199300544,-0.00022062023726104326,6.799501658422469e-05
0.016230629070580305,-0.0003970234781433356,1.3150329091828835e-05
0.02031694679736034,-0.0005988521587604461,-6.64508859307525e-05
0.02466708478432378,-0.0008204782757724679,-0.00017253332683482537
0.029271742414190553,-0.001055940869386555,-0.0003062371342319601
0.03411026924084123,-0.0012990943365663006,-0.0004679611141446115
0.03915074721399215,-0.0015438653470774665,-0.0006573531740707712
0.044354067014967476,-0.0017843600889320937,-0.0008734514427191177
0.04967287375226642,-0.0020151489986901757,-0.0011147074448172396
0.055060307203808716,-0.0022311288245867736,-0.0013792538797779634
0.06046244244086604,-0.002427977830134564,-0.0016647699465587714
0.06583791755900371,-0.0026014847854695933,-0.0019689872128536463
0.07113065429298261,-0.002748685881886374,-0.0022890890061200986
0.07631985655889464,-0.0028658844530137203,-0.002622868295556253
0.08133936782907991,-0.0029518411089978877,-0.0029669433788716915
0.08621261056515724,-0.003002318884327416,-0.0033196990206354644
0.090829615298734,-0.0030189507136579377,-0.003676519928406319
0.09531103494803209,-0.0029945297436443676,-0.0040373799422364675
0.09941192696135549,-0.002936946194722703,-0.004394639050420521
0.10348550023742555,-0.002830233074078158,-0.004752276467247485
0.10692703335776735,-0.002697420793768868,-0.005095479924791598
0.11066271780344444,-0.002499718199626999,-0.005438092931311547
0.11318333771451299,-0.0022973814103608684,-0.005748777695189671
0.11681623191715053,-0.0019949602949642232,-0.006064883992658998
0.11785864070012075,-0.001742710722926177,-0.0063178801106720545
0.1219999353817425,-0.0013084735662962988,-0.006599152366500287
0.12035472542576467,-0.0010551666930738207,-0.006758079477958958
0.1264842639126248,-0.0004293586217832129,-0.007006042063453008
0.11953127609873442,-0.0002854892788166717,-0.007014872432851719
0.13106829124841968,0.0006668755601461806,-0.007254837303699178
0.1131931293245453,0.0004621557142961894,-0.0070213653307072766
0.13781623165120516,0.0020444655579377924,-0.0073281342349945065
0.09717416184765824,0.0009870980718427675,-0.006679013751750615
0.15166318089341305,0.0038641896842815477,-0.007172124488493817
0.06350995946990286,0.0008941690908929071,-0.005557718559251368
0.18328107017203,0.006393623041917973,-0.00573819415805233
0.0,0.0,0.0
0.0,0.0,0.0
0.002692095146189457,9.091720557030352e-05,9.610904967370917e-05
0.006244060245683521,2.5002525235118394e-05,0.0001334375330924749
0.010034947507613282,-0.0001001429010941108,0.00013027138012395803
0.014049820023497557,-0.0002663747457568092,9.882281664731022e-05
0.01830642392532472,-0.0004667352086135781,4.146343337242377e-05
0.0228142191391721,-0.0006950026856362612,-4.299639941545388e-05
0.027572110989915393,-0.0009446589407211188,-0.00015616733178736288
0.032567547988379984,-0.0012088876458015564,-0.0002990655625931727
0.037778088779080995,-0.0014807414807803951,-0.00047193022753305036
0.04317097546969875,-0.0017534520548322702,-0.0006742110096019657
0.04870796883073312,-0.0020205269003133303,-0.0009047518213487209
0.05434271928150312,-0.0022760987882636543,-0.0011618010117836982
0.060031582552101385,-0.002514693865452375,-0.0014433515825847147
0.06572205449319957,-0.0027318212242055983,-0.001746931569266104
0.07137827058173493,-0.0029230368409891953,-0.002070255040313924
0.07694355678227864,-0.0030854494648134075,-0.002410403685240253
0.08240617055002301,-0.003215075391201662,-0.0027653233945152318
0.08769289132375208,-0.00331102817536177,-0.0031314975414412985
0.09284459169847563,-0.0033684033838953433,-0.0035077043448352354
0.09772872466415489,-0.003389724214631159,-0.0038889648999638022
0.10250458833850255,-0.0033661290575371736,-0.004276057347930776
0.10686890695806178,-0.0033077035822056556,-0.004660361440063631
0.1112650210717553,-0.0031945753855370006,-0.0050474873285625815
0.11494916168859502,-0.0030551159877708705,-0.005420283403637803
0.11905734192828546,-0.002841609512680205,-0.005795963804005194
0.121761113060982,-0.0026269153194711787,-0.006138065333793169
0.12586396515108514,-0.0022956790501293596,-0.006490889403510216
0.12694984721925429,-0.002026877302483587,-0.006775322920846822
0.1317607130505851,-0.0015448221236150222,-0.007096816890297723
0.12985808859927156,-0.0012756835701153522,-0.007283867956988151
0.1370713476601416,-0.000572699918214228,-0.007575439507442416
0.1292362778490825,-0.0004257422422064611,-0.00760362737628069
0.1426998280002303,0.0006517081626089726,-0.00789092107176359
0.12266244917560182,0.00041088600810901575,-0.007659581083548599
0.1508990571007523,0.002200636798432574,-0.008018361377008662
0.10552187266426462,0.00101370325698167,-0.007338730056729943
0.1670015096396368,0.00424675937291997,-0.007878902493954006
0.06905097005336268,0.0009448787387519161,-0.0061378852173201446
0.2025567176717455,0.007067976039353838,-0.006241191312189802
0.0,0.0,0.0
0.0,0.0,0.0
0.003032054634154774,9.500003492574779e-05,0.00012097239353163826
0.007003866636578881,1.8820392324052747e-05,0.00017264745197955703
0.01122692720822625,-0.00012415987906820626,0.00017677934823119882
0.015673380012457442,-0.00031304969500927076,0.0001482277316195441
0.020353683898880866,-0.0005396267075467276,9.044740933572873e-05
0.025271282799158107,-0.0007966333309102764,2.596487021633085e-06
0.030420624032812583,-0.0010765723219992116,-0.00011677783986966338
0.0357861895110562,-0.0013717062299808014,-0.00026851757404282306
0.0413445359516062,-0.001674238608241063,-0.00045264644089966705
0.0470630557964017,-0.0019766852468512436,-0.0006683566086669767
0.052905747034788994,-0.0022719483671046832,-0.0009142494731182824
0.05882839649180818,-0.002553747086372914,-0.0011883261445047738
0.06479211059167382,-0.00281625777826377,-0.0014884190416903343
0.07074647287741521,-0.003054879755094534,-0.0018118804845067764
0.0766626918895059,-0.0032649554511472514,-0.00215641598281782
0.08248312040132287,-0.003443752843340212,-0.002518986721791892
0.0882070582858015,-0.003586977017518809,-0.002897728418447245
0.09375199521487454,-0.0036942207696754915,-0.0032889534327496407
0.0991797869092353,-0.0037597851230102407,-0.0036919056780624453
0.10432976780084303,-0.0037873024298620524,-0.004101159396055799
0.10940736959126587,-0.0037659253972638636,-0.0045184290747191
0.11403903719083844,-0.0037083746359802662,-0.0049339392111470174
0.11877425298993263,-0.0035901545954574467,-0.0053551692379824895
0.1227057936070427,-0.0034458948532813524,-0.005762293927610411
0.12721277240325293,-0.003217500728886326,-0.006176318100457152
0.13009940672623965,-0.002992302214294025,-0.006555059463977459
0.13471146206285767,-0.002632220865103062,-0.00695047534357216
0.13582734704701982,-0.002348627366596704,-0.007271878296451152
0.14136771812006885,-0.0018170261685745118,-0.007639908181328339
0.13917002107160764,-0.0015337652555216525,-0.007860614544728951
0.14756423758431525,-0.0007491471716632833,-0.008202271617710536
0.1387715951696998,-0.0006010343048676384,-0.008254854234366579
0.1543264674236484,0.0006101110287293693,-0.008595685800594704
0.13199202243011857,0.0003302660757653335,-0.008370147615834109
0.16411689453226064,0.0023419094074416474,-0.008786112198366287
0.11376949542473101,0.001019722408066641,-0.00807600547091635
0.18267467806837429,0.004630509744522623,-0.00866430908704805
0.07453078418668385,0.0009850839657481478,-0.006783619965660097
0.22241012505976157,0.007760216265095481,-0.006793983953147217
0.0,0.0,0.0
0.0,0.0,0.0
0.0033086950654181366,0.00010833340262772049,0.000153835109140382
0.007670267465245021,2.0583043717832525e-05,0.00022521143930952705
0.012299018841256554,-0.0001427549892355751,0.0002405265496172678
0.01715313364802129,-0.00035733881440670935,0.00021784222930267303
0.02223551668823897,-0.0006133969635155062,0.00016192581630875607
0.027543190800562976,-0.000902431198814406,7.237004505222658e-05
0.033065733564580764,-0.001215807690621122,-5.2079303713298564e-05
0.03878426022243766,-0.0015447599888048136,-0.0002120526296281293
0.04467420628688991,-0.0018805791070072582,-0.00040731838377698794
0.05070308637697452,-0.0022150529360434553,-0.0006367642211295094
0.05683760451090429,-0.002540494247816925,-0.000898708789197825
0.06303598044916185,-0.0028502662470804626,-0.001190861988967012
0.06926507078239062,-0.0031382462005571997,-0.0015108723175570465
0.07547666828086451,-0.0033998162664559727,-0.0018558823781576334
0.0816504900342893,-0.0036301413017247454,-0.002223592420359193
0.08772714062313852,-0.003826760211859236,-0.002610812066156318
0.09371917394431852,-0.003985040563992475,-0.0030159023762136947
0.09953211281272076,-0.004105203911242709,-0.003434957034581142
0.10525296529005529,-0.004180608071875011,-0.0038677641150710886
0.11068669148358701,-0.004216246125083543,-0.004308356341572316
0.11609357372038183,-0.004198907949921054,-0.004759530413386359
0.1210165794287858,-0.004144441964936682,-0.005210167618024186
0.12612937469372026,-0.004022929813309916,-0.005669873030339097
0.13033466523071957,-0.0038762619522435655,-0.006115799797170391
0.13529102298558263,-0.00363437616132082,-0.00657317902961417
0.13838360401645539,-0.003401066550450189,-0.006993509604920606
0.14357093771399437,-0.0030125020856582793,-0.007437110583397324
0.14472794511494932,-0.0027162961252147717,-0.007800747387946534
0.15108587027526757,-0.0021335684309005034,-0.008221343925573863
0.1485784076901835,-0.0018380157511258184,-0.008481015260065597
0.1582767060469084,-0.0009669798354244312,-0.008879004570633044
0.1484666254802216,-0.0008192496553916324,-0.008960950313830443
0.1662968086484609,0.0005353165458946395,-0.009361510394295095
0.1415300555321603,0.00021461072890328645,-0.009145724961545625
0.17782798756428464,0.002464905454453391,-0.009624454109562192
0.12224408691922461,0.0010032792429544213,-0.008884648575136144
0.1990180070438377,0.005017642099949108,-0.009522759582257175
0.08018737564210189,0.0010168981738193326,-0.007490245319205307
0.24314511329433372,0.00848089002620784,-0.007391461964282938
0.0,0.0,0.0
0.0,0.0,0.0
0.0035266580976161498,0.00013284165041514606,0.00019826550970038003
0.008259885681450694,3.2151180843937655e-05,0.0002972314259979748
0.013277415085503886,-0.00015416079325898758,0.0003295098655335161
0.01852111488993395,-0.00039755794510322424,0.0003170034139430962
0.023985624665920108,-0.000686448166319765,0.0002660400150469738
0.029661359577304258,-0.0010109119189205598,0.00017676965483539269
0.03553341302913119,-0.0013610431365230755,4.824664833952785e-05
0.041580263755872364,-0.0017269509607335692,-0.00011981408037890201
0.04777736559112944,-0.0020989486114574587,-0.0003267798840982272
0.0540934064101815,-0.0024680730107229727,-0.0005710857560008891
0.06049912367202514,-0.0028260434467753757,-0.0008506451522940855
0.06695586775859758,-0.0031659080395969297,-0.00116277116832029
0.07343744691129915,-0.003481275734002922,-0.0015048695906543818
0.07989768772376256,-0.003767597560513771,-0.0018738196813565039
0.0863260547163536,-0.004019882995652592,-0.0022673218973774324
0.09265988417353237,-0.004236060758640323,-0.002682009262903735
0.09892699586915188,-0.004411120134255529,-0.0031165284176403506
0.10501723456390201,-0.004546080658989978,-0.003566723776863675
0.11104703989190859,-0.004633182905046641,-0.004033044107097857
0.11677938317354444,-0.0046790669085405665,-0.0045089062342487125
0.122538806632078,-0.004667735607925549,-0.00499838206173309
0.12776973587680202,-0.004618715047134889,-0.005488841672369613
0.13328957746595133,-0.0044957865600035824,-0.00599232296577495
0.13778166689265176,-0.004349197217899282,-0.006482626966338874
0.14322303537590902,-0.004095212196704044,-0.006989690394979195
0.1465243452305023,-0.003856226141322377,-0.007458107443208394
0.15233162621159665,-0.0034394643710322892,-0.007957281254249833
0.153513414111058,-0.003132842729852677,-0.00837046138326496
0.16074984786996285,-0.002497307390842734,-0.00885191009618817
0.15788453337112238,-0.0021913859291260427,-0.009158297048309073
0.16898053581376254,-0.0012291378823554274,-0.009621374933407133
0.15805795990866395,-0.0010836761113136523,-0.009740140893919867
0.17832462220545223,0.00042385824074513254,-0.010208925480825594
0.15096232623951217,5.9682046713429676e-05,-0.010008705767845058
0.19171875182046605,0.0025650894755404295,-0.01055712993539146
0.1306234258467122,0.0009586710485043499,-0.009788465351167864
0.21574940001806583,0.005402070229145991,-0.010477349877104164
0.08577008662040875,0.0010338614947886836,-0.00827680815622269
0.26455276288580803,0.009220276638338768,-0.008049436926063431
0.0,0.0,0.0
0.0,0.0,0.0
0.003602796377950407,0.00017782199775746605,0.0002545471137557327
0.008637267936189257,6.22800542666077e-05,0.0003888084444405076
0.01398276586760993,-0.00015112264652809596,0.0004434616430666787
0.01956468543067864,-0.0004283268129553798,0.0004451139094992533
0.025370273142577164,-0.0007553916923695305,0.00040201290888790557
0.03138333232302539,-0.001120590932040599,0.0003150218274787372
0.037583815721857095,-0.0015124577892376358,0.0001835980530531891
0.04394636316289317,-0.0019197947933995228,7.895777930392472e-06
0.0504452923486265,-0.0023318489060517506,-0.00021095246630269747
0.05704918708780318,-0.0027389148196119524,-0.00047081972216092636
0.06373222459223181,-0.0031321762059796417,-0.000769118600131818
0.07045801467644634,-0.0035044873922614197,-0.0011026687072082859
0.07720762187278046,-0.003849291621585116,-0.0014685743648323922
0.08393602172070869,-0.0041622656742750785,-0.0018633849624904522
0.09064364923375139,-0.004438328202591788,-0.002284797181215111
0.09726279864712686,-0.0046759641994456825,-0.002729224369549779
0.1038391576658784,-0.004869752812440093,-0.0031956551236685237
0.11024297409227737,-0.005021717348163392,-0.0036796388194339203
0.1166254878399893,-0.005122788727651878,-0.0041824083044815505
0.12269959941942038,-0.005181581898379115,-0.004696677723623795
0.12886520876061444,-0.005178842226333752,-0.005228003812161001
0.13445214904211567,-0.005138380219387142,-0.005762065512321346
0.14044355407270995,-0.005016715088735576,-0.00631366303749933
0.14527219284010975,-0.004873624904794991,-0.006852902365457668
0.15127582769978412,-0.004609859045856869,-0.007414928581339472
0.15483193851345312,-0.004368647750056905,-0.00793683685129166
0.16135301702611513,-0.0039248635570629355,-0.008497861353962046
0.16259289766639298,-0.003610901783368404,-0.008966769439854989
0.1708240496083308,-0.0029214212015776482,-0.009516254520823187
0.16760438038021774,-0.0026074293245469437,-0.009876043791405154
0.18024660876652765,-0.0015488994693798942,-0.010412043411959896
0.1681586249846262,-0.0014069954146543366,-0.010574304056311346
0.19106606285167851,0.00026477579472986674,-0.011119443392558433
0.16095861420037944,-0.00014351400425889808,-0.010940523342581743
0.20647850803750728,0.0026373417118604314,-0.011566316909556637
0.13955243869016073,0.0008837685723711976,-0.010770695335358732
0.23351404692123914,0.005788668330276029,-0.01151312786130661
0.09175709938003916,0.0010412119398518428,-0.009130773432805541
0.2872009323266712,0.00999881939162348,-0.00875600133374433
0.0,0.0,0.0
0.0,0.0,0.0
0.003576136725848762,0.00024394565551966727,0.00032901391253733705
0.008885011758083658,0.00011161935089371369,0.0005107892276282138
0.014533877330403113,-0.00013282765811454216,0.0005965169577214257
0.020428136811424566,-0.00044855829080610635,0.0006184767485619946
0.026547126556036745,-0.0008188325532702576,0.0005872265891875147
0.03286839423009497,-0.0012298160364117613,0.0005045951826422634
0.039367933537970516,-0.0016682603928046642,0.0003707135678648154
0.046018025000577986,-0.0021215135998568944,0.00018649592351105721
0.05279364204594879,-0.0025776620901032167,-4.609340764511377e-05
0.05966452487628344,-0.0030262349952107593,-0.0003240499539850296
0.06660966026445325,-0.003457888190945944,-0.0006440349279615614
0.07359508197600505,-0.0038653597891026483,-0.0010021744389318752
0.0806099457615267,-0.004241988240457508,-0.001395162764163025
0.08760918481512413,-0.004583816868565023,-0.001819135878606576
0.0946051679016891,-0.004885719158133417,-0.0022718005012512536
0.1015223737886542,-0.005146915615282277,-0.0027493323645832
0.1084266447378934,-0.005361531814272398,-0.003251167146034514
0.11516339683675661,-0.005532831038984653,-0.0037725517716046307
0.12192408567246785,-0.005650219564026312,-0.0043156892784572565
0.12836182239306876,-0.005724659624024824,-0.004872544869200365
0.13496361325638387,-0.005733121909244023,-0.005450442346929895
0.1409265171223257,-0.005704370811436024,-0.006033229786327606
0.14742283428285632,-0.005586623357099944,-0.00663887969513977
0.1526006476221547,-0.005450456935129705,-0.007233496715622635
0.15920325578887673,-0.0051791497427409496,-0.007858019026582267
0.16301238740107254,-0.004939146492002349,-0.008441470608230498
0.1702903089959697,-0.004469406605354663,-0.009073734175054903
0.17156283734440725,-0.004151206231461043,-0.00960810124344684
0.18084560955233306,-0.003406603763966723,-0.010236827788521535
0.1772082247700148,-0.0030871102009811537,-0.01066104066138834
0.19148404735730354,-0.0019275018574332755,-0.01128244945268734
0.17811109780331538,-0.0017913546538459665,-0.011499407907971706
0.2038169058003552,5.501205098500918e-05,-0.012133500126822103
0.17076639519165968,-0.0004000010417918581,-0.011985024479056956
0.22135142258990528,0.002674928145376008,-0.012698653043672917
0.14827522711657692,0.0007689740569236701,-0.01187795100555456
0.25161979399141693,0.006164908482064415,-0.01267578476917762
0.09756656887856838,0.0010259886586319945,-0.010090049810527423
0.3105366730513081,0.01079272300906069,-0.009543774353598159
0.0,0.0,0.0
0.0,0.0,0.0
0.0032911621520691783,0.0003478232200655058,0.00042025150338395004
0.008747720908452524,0.00019561051744000434,0.0006599939325145754
0.014593465626633696,-8.693312322883401e-05,0.0007836725023974945
0.020715032771151238,-0.00044974342959946967,0.0008306089556608127
0.027086142680049583,-0.0008722517147231084,0.0008142770480815933
0.03367796927939038,-0.0013377554212069833,0.00073777236839484
0.040460545896143174,-0.0018306817278723358,0.0006021046763959925
0.04740036667558368,-0.0023366190971152306,0.0004091439278287511
0.054469493776942046,-0.0028423924382700544,0.00016187917082918316
0.06163509584688929,-0.003336850964674966,-0.0001356082620330099
0.06887851604042523,-0.003810295176178178,-0.0004790586909398315
0.0761656278597042,-0.0042556100364810326,-0.0008637429570058152
0.08349316866061596,-0.004666248256110252,-0.0012858485387645133
0.0908140835698171,-0.005038898962186763,-0.001740999878722837
0.09815399752947665,-0.005368520631663258,-0.002226912502685967
0.10542695377231272,-0.005655327038897519,-0.0027394784599603823
0.11272247216735569,-0.005892968880394576,-0.003278675083965259
0.11985616004931894,-0.00608623614367802,-0.00383941453516987
0.1270668728972193,-0.006222779269837706,-0.00442505928219365
0.13393814264444434,-0.006316331741082113,-0.005026757398172101
0.14105818263404046,-0.006339525665655704,-0.005653898149693452
0.14747245935190006,-0.006326813578905056,-0.006288335235798754
0.15456900159561943,-0.006216982450238558,-0.006951651061323685
0.16017548516872396,-0.00609275728711169,-0.007605611525558817
0.16748954863117319,-0.005817837328035004,-0.008297575271382552
0.17163136455130745,-0.005584347486355256,-0.008947880684177564
0.17980137881266875,-0.005091506699844585,-0.009657956109693173
0.1811778047235624,-0.0047739576746042775,-0.010264564301698406
0.19167664033321374,-0.003974388412224445,-0.01098082952508946
0.18766386774649657,-0.00365296940848622,-0.011477520607758888
0.20377341164738044,-0.0023874067704750934,-0.01219419721705295
0.18909053775677623,-0.002258437963416639,-0.012474559821745801
0.2178470966299853,-0.00022431216275797434,-0.013208676273374043
0.18170058870621414,-0.0007251211680782406,-0.013098740258205347
0.23769794920065843,0.002669487524451106,-0.013911525162777416
0.15808604905859364,0.0006118425876652435,-0.01306932283591334
0.2713514354186027,0.006541418271359517,-0.013928147839526535
0.10417578175143896,0.0010000648159609491,-0.011123517967162789
0.33568070220624086,0.011643402085299986,-0.010384380400467956
0.0,0.0,0.0
0.0,0.0,0.0
0.002872070758196447,0.00048532720806569317,0.0005402461983233269
0.008464443118047723,0.0003103073010958019,0.0008570385146475119
0.014495544852425896,-1.634604011293181e-05,0.0010317249495145084
0.020826520148729027,-0.00043334268818254467,0.00111213474544518
0.02742443812516458,-0.000915534573968465,0.0011153323637847579
0.03425516802522167,-0.0014428543525623178,0.001046246716766988
0.04128560145045525,-0.001997058982540532,0.0009074162317760039
0.048479775926085274,-0.002561763945688581,0.000702390881995749
0.05581038077292373,-0.003122411898327382,0.00043588089067432014
0.06324425612192214,-0.0036671662427362308,0.00011365165143363852
0.07076704112855857,-0.004186016105377397,-0.0002586706697109806
0.07834422789915202,-0.004672143323350131,-0.0006751839217281983
0.0859807233392263,-0.0051192393730107545,-0.0011314206762721793
0.09362514899609077,-0.005524875492868117,-0.0016224050046357214
0.10131718334441,-0.005884192872098162,-0.0021459197506122547
0.10895627341959307,-0.006198673589021597,-0.0026975943951101887
0.11665845703137201,-0.006461463812639139,-0.0032781348071869412
0.1242026768461604,-0.006679211061843386,-0.003882158486544615
0.13188216691874588,-0.00683755916779572,-0.004514476325432891
0.13919889466878213,-0.006953494251575377,-0.0051654160698716605
0.1468568647790861,-0.006994697652739198,-0.005846840841048509
0.1537283576250798,-0.007002118310004335,-0.006538505552139006
0.16144507051033608,-0.006903899783902561,-0.007266171219566557
0.16747477565814126,-0.006796371838925911,-0.007986977362916071
0.17552093899590906,-0.006521423911322763,-0.008755491160468278
0.1799712382523262,-0.006299507293843553,-0.0094827667465142
0.1890580685042609,-0.005786105436320317,-0.010282867670046473
0.1904856796092105,-0.005474031477003733,-0.010974881648433278
0.20223847129354505,-0.004619594973332773,-0.011794317706977305
0.19775374550588207,-0.0043003763827053915,-0.012379451164876543
0.21576752704690016,-0.0029247311436268885,-0.013209953018948985
0.1996133273946534,-0.002806382218853311,-0.013570939699588927
0.23157193628866937,-0.0005737353113557304,-0.014424785516768781
0.19208120844236007,-0.0011238882836760284,-0.014368165283260046
0.25382058189747186,0.0026111555036047894,-0.015297034511503736
0.16730262862142872,0.000395908558069259,-0.014437135169613024
0.29113358337531253,0.006892874195641374,-0.015361075723850873
0.11028950958959377,0.0009372914299925058,-0.012307168437833584
0.3613309234520448,0.012496817864532345,-0.011344326615318522
0.0,0.0,0.0
0.0,0.0,0.0
0.002009585167082105,0.0006873729027944271,0.0006831381430681189
0.007520904401856781,0.00048401622296054915,0.001090443002580804
0.013561013100449062,0.00010064639646300573,0.0013240369720829968
0.019969569531655143,-0.0003856814148810138,0.0014424657949323983
0.0267110045137395,-0.0009431549009375462,0.001467471868160614
0.033744113583681616,-0.0015468210406196555,0.0014064209486009754
0.04102658790202149,-0.002174768993355055,0.0012637951078937062
0.048511242742838315,-0.0028081894789744356,0.001045179840934625
0.0561626855955357,-0.0034311290357158133,0.0007573217315198508
0.06393919201966357,-0.0040313938951087765,0.000407970115962357
0.0718252437103243,-0.004599121868517679,4.3579930468320235e-06
0.07978110556289612,-0.005128351841789146,-0.00044622236692058894
0.08781864473513767,-0.005613461925308106,-0.0009385324299331485
0.09587936865721967,-0.006053391326694074,-0.0014668855185302357
0.10401905221766294,-0.0064437040636224656,-0.0020291590444721256
0.11211941729966053,-0.0067875366121269405,-0.0026206899711886298
0.12032820214680899,-0.007077528332523219,-0.003243071287807042
0.12838185223019827,-0.007322573043793983,-0.003890618204582683
0.13663775769397354,-0.007506033581096761,-0.0045698705162878425
0.1445047868974758,-0.007648691885861914,-0.005270285398236952
0.1528207085309858,-0.0077126136798211994,-0.006006620186948554
0.160262710027697,-0.007746138434713632,-0.006756367699633318
0.16873853523882043,-0.007665455887698052,-0.007550073165392808
0.17531503546054258,-0.0075820670663332675,-0.008339874427649628
0.18425886572833416,-0.007313634554909683,-0.009188415890634372
0.18915037092768763,-0.007111700332578241,-0.009996732189455524
0.19935552219011388,-0.006583641859883781,-0.010892793065048804
0.20096938577968157,-0.006285347979154367,-0.011676658813100014
0.21422324890967384,-0.00537900222606708,-0.012608151223457558
0.20938068759030273,-0.005068479028059211,-0.013290610822986644
0.22959591723632067,-0.003579150937079082,-0.014246968500077927
0.21200907381433245,-0.003474029122438326,-0.014699358968354267
0.24752180676677593,-0.0010275155818396454,-0.01568802026375884
0.20455368708852079,-0.001624155561270608,-0.015695895633958602
0.27246925334863603,0.002485035256327976,-0.01675794290617865
0.17857502641662892,0.00011813227691798622,-0.01588682815309693
0.3135932894483137,0.007241851072302203,-0.016886931820977523
0.11794157096636035,0.0008634653726633639,-0.013567505470902299
0.3897826670859749,0.01343896676872983,-0.012357212025356782
0.0,0.0,0.0
0.0,0.0,0.0
0.0010251669593414013,0.0009368139585986908,0.0008728698042351482
0.006509759950111939,0.000700477577273505,0.0014015320627999992
0.01260305300523584,0.00025133284200803626,0.0017141592069204738
0.01910909896641951,-0.00031475856858155217,0.0018822357986878029
0.02598687791563705,-0.0009580891400670082,0.0019334812501324117
0.03319097262520923,-0.0016480567483038618,0.0018790471231361235
0.04067701997825708,-0.0023586146276511587,0.001726903021238052
0.04839498826588149,-0.00306828673243702,0.0014862534229225207
0.05630959608345868,-0.0037596191593735435,0.001167269991496303
0.06437580718105135,-0.004420119247403402,0.0007807700225346334
0.07258070421489034,-0.005040197624395138,0.0003362973071658182
0.0808791507269892,-0.005615023804810793,-0.00015704712676910983
0.08929050116626085,-0.006139893675618504,-0.0006931287816836036
0.09774544196898376,-0.006615494154196339,-0.0012655307404226153
0.1063165003841919,-0.0070379902640061165,-0.0018724053300228664
0.11486180094295333,-0.007412579237136015,-0.0025089167322130965
0.12356439029280526,-0.007731386356210433,-0.003177870516481632
0.1321093796754034,-0.008006004394375927,-0.0038733970786870445
0.14092732149474302,-0.008217221932099254,-0.0046042002074509905
0.1493191477506654,-0.008390237813717751,-0.005358910155710561
0.158274554049607,-0.00848077721405652,-0.006155764947432937
0.16624953729253497,-0.008545563154927868,-0.006969906084790778
0.17546166913710023,-0.008487407022810934,-0.007837486155077561
0.1825299626511663,-0.00843470010127856,-0.008705319043187675
0.19234498273886969,-0.008178289385212163,-0.00964530630495084
0.1975963740252439,-0.00800385279036684,-0.01054771727396866
0.20889306505249922,-0.007466054925151988,-0.011556137782296246
0.21057392814524092,-0.007189312778315117,-0.01245004225630597
0.2253132843595866,-0.00623360079385289,-0.01351605489639876
0.2199394968904,-0.005939038471358177,-0.014319425435545381
0.2423784934247436,-0.004333823439592675,-0.015430104731644814
0.22311078212649882,-0.004248478481631342,-0.016001038475522856
0.26230346161138596,-0.0015780699335113167,-0.017156519722361437
0.21552059036623197,-0.0022277915325507338,-0.01725368761642557
0.28997921435295915,0.0022775644280232403,-0.01847761013694544
0.18827467294788486,-0.0002496105162500645,-0.0176033207948303
0.3352759846925594,0.007537763327880362,-0.01868850359623618
0.12431641935042627,0.0007259141092967592,-0.015058745621818349
0.4181141066692884,0.014351103622223636,-0.013559562625147974
0.0,0.0,0.0
0.0,0.0,0.0
-0.0007253242547574801,0.0012940548919506028,0.0010927533380626743
0.004348547451819755,0.0010140702634923286,0.001758966262344216
0.010193874014467063,0.00047558299799889034,0.0021581317758759657
0.016589665643056438,-0.00019803777685836456,0.002378352400828755
0.02349512573105367,-0.0009548067252752005,0.002455401700158763
0.030852705595882216,-0.001755425612008356,0.0024054437669430444
0.03859897450796753,-0.0025679901427123615,0.002240712711566052
0.04665982689102022,-0.003367891885762997,0.001974580666862164
0.05498057854693786,-0.004136610125771183,0.001621050862532472
0.06349644976924808,-0.004862352546680809,0.001194353626929317
0.07218700904921754,-0.005536924612383207,0.0007065939201113757
0.0809942155618387,-0.006157765013597437,0.00016889648387179504
0.08994361615319693,-0.006721934291539385,-0.0004116276803633316
0.09895216811125003,-0.007232658083590116,-0.001027755675724774
0.1081130401529786,-0.007687081764355594,-0.001678014645180674
0.11725772315080753,-0.008092994471681575,-0.0023574104919372204
0.12661246990724362,-0.008442002922330504,-0.00307021456864776
0.13580451804712795,-0.008748897136948926,-0.0038103934807988517
0.14535105205736748,-0.008991543377876207,-0.0045892124913920265
0.1544313794324898,-0.00920025171327612,-0.0053944192442717115
0.1642104483516944,-0.009323609408115427,-0.006248317533650325
0.17289687565118114,-0.009427853248790115,-0.007123475152458461
0.18305883549176868,-0.009400873652720694,-0.008062523668575676
0.19081872422462265,-0.009389873954730505,-0.00900642067273067
0.20176173226703867,-0.00915604720385541,-0.010037646816090219
0.20759781192441068,-0.009022497647901744,-0.011034617782914346
0.22030246313003218,-0.00848599983041105,-0.012158594747758282
0.22229732618697542,-0.008245173726207446,-0.013166383208270991
0.23891548028323853,-0.007248456067227322,-0.014374709765515161
0.23325551248923626,-0.006982341973845962,-0.015306849998872728
0.25839457030295954,-0.005261226925777826,-0.01658527905490752
0.23761436306374362,-0.00520187026123176,-0.017286634367683622
0.28103376044240974,-0.002290298475889259,-0.018628815017989027
0.2303725614832552,-0.0029882218736204994,-0.018829986035145203
0.3119808258881854,0.0019595960236907673,-0.02024156702051897
0.20188839708008144,-0.0007125940190146167,-0.019375610075843486
0.3616337241073844,0.007826981993677668,-0.02056685013623328
0.1336928951366803,0.0005789161864859684,-0.016613168102016195
0.4511248962585129,0.0154137418823277,-0.014799727549084969
0.0,0.0,0.0
0.0,0.0,0.0
-0.0024723863359877836,0.0017101467110898615,0.0013926129122486517
0.0024206248273021306,0.00137888414109374,0.0022488018465631828
0.008204425738237408,0.0007377228448566162,0.002766811295004157
0.014602769222861987,-5.7981066376718425e-05,0.00305484435105653
0.021568862784440725,-0.0009420260378219011,0.0031595813812767023
0.029042060506691367,-0.0018654408673962012,0.0031055591698229434
0.036959237650588395,-0.002790057770041723,0.0029129217328351413
0.04524399451010528,-0.0036880446853392256,0.002602582088998917
0.053841872615560345,-0.004539843828699105,0.002195011833342407
0.06268088649902168,-0.005334557890419428,0.0017096332048890757
0.07174084374334978,-0.0060656363349504885,0.0011620596292738967
0.08095119688816221,-0.006733229258318461,0.0005658212667220441
0.09034407244528374,-0.007336532002971469,-7.107075507354947e-05
0.09981697760889012,-0.007881869094127183,-0.0007408042974430016
0.10948394331181965,-0.00836763475327996,-0.0014427222706177184
0.11914151548340096,-0.008804769679129673,-0.0021719871352766963
0.12906360268259517,-0.00918436137752831,-0.0029348761412166693
0.13880791333425907,-0.009524993956369666,-0.003725418401959116
0.14898988342110342,-0.009801241567426143,-0.004558070064439395
0.15864815283168707,-0.010049333948091179,-0.0054197707045037
0.16914599345356254,-0.010209829211589026,-0.006337721946098511
0.17841147519268613,-0.010359756896794891,-0.007281782046666115
0.18940579849712963,-0.010370352959472875,-0.008302289902105688
0.19769558355238764,-0.010409800647510403,-0.009333861492107656
0.20963625898304983,-0.010206496869888733,-0.01047145669470043
0.21585313797856978,-0.010124750782931617,-0.011580491281881454
0.22982416201925926,-0.009597852204543933,-0.012842871285633311
0.23186959203003155,-0.009405306121864075,-0.013990268784199199
0.25022651956393144,-0.008374147719190837,-0.015374094061403085
0.24393806143068972,-0.0081493755727831,-0.01647051225876485
0.27167718977739064,-0.00631422441397101,-0.01796151575833411
0.24894758427573493,-0.006293950804094528,-0.01883706979593402
0.296633185210216,-0.0031345599472185266,-0.020419610289968443
0.24157462475803262,-0.003894769878887074,-0.020767948876099042
0.33072409623384535,0.0015156849274850265,-0.022418060463050397
0.2117131935893332,-0.0013175730502442173,-0.021578109392441567
0.3852228718748055,0.008009559717231912,-0.02289481786528595
0.14001464578150963,0.0003168088139199691,-0.018548353541754613
0.48238675547667426,0.016369691752223477,-0.016362079388892975
0.0,0.0,0.0
0.0,0.0,0.0
-0.005597611815305273,0.00230820560824262,0.0017301816856784597
-0.0016100625847596073,0.0019035758038804635,0.002793312522700544
0.003565886874300335,0.0011134075938736816,0.0034333419213151846
0.009624827422946573,0.00014272614724447464,0.0037851250811615673
0.01651846978087841,-0.000918517826899909,0.003910505486230026
0.024155500812816845,-0.002005680630474306,0.003844873587875062
0.0324273071627091,-0.00307175597955268,0.0036175512009157963
0.04120513630740182,-0.004085934248901726,0.00325757115121373
0.050392873965729265,-0.005029554782570407,0.0027921137780668685
0.05988039661947762,-0.005895277687059359,0.0022459393224614544
0.06963097172507969,-0.006680709074066897,0.0016382366997255717
0.07955181347398316,-0.007390871193042001,0.0009850066576220363
0.08968204245876353,-0.00802853920201951,0.00029509597903264656
0.09989847069736098,-0.00860429195480517,-0.0004231340275763018
0.11034372653450607,-0.009118249954268038,-0.001170070930599284
0.12077754263907754,-0.0095851356607161,-0.0019411226528673578
0.1315336772706401,-0.009995424430585096,-0.0027449392568455796
0.14209316884426415,-0.010372081899481527,-0.003575646248571426
0.15318857091884908,-0.01068589049547501,-0.004451412840369549
0.1637010634503249,-0.010979896310366848,-0.00535824897533835
0.1752236023401538,-0.01118562099379998,-0.0063290413071755425
0.18537065508193246,-0.011392412673033396,-0.007330534384136723
0.19755068864953718,-0.011452961679636043,-0.008422044987489465
0.20671265104450676,-0.011559023014694985,-0.009530923798136894
0.22007607191513381,-0.011402700647628135,-0.010766722295443606
0.22706783583240753,-0.011393863580813042,-0.011979965753508372
0.24283178034434086,-0.010895828759239659,-0.013376768720724247
0.2453795601563025,-0.01077625917269711,-0.014660019166540007
0.26613651403984073,-0.00972881069549926,-0.016221858383085593
0.2597087635447993,-0.009569494244318003,-0.01748453806828149
0.2908596639916894,-0.007628616227370911,-0.019199863427790665
0.266609000192203,-0.007662585556633227,-0.020258807129878927
0.3194875229820465,-0.004238175529285327,-0.022105859536779748
0.2601487548559067,-0.005054983505263111,-0.022618368857660543
0.3577927779517588,0.0008836646015785612,-0.024545306027292633
0.229160638819964,-0.0020789667882729086,-0.02375078125299686
0.4174497074077601,0.008177130964244623,-0.02523185692555043
0.15234095723337868,5.0369166791866754e-05,-0.02048978290974218
0.5220649656778685,0.01759975268035949,-0.01790629145461401
0.0,0.0,0.0
0.0,0.0,0.0
-0.008318072208558278,0.00296469272022863,0.0022124393533885906
-0.0045922839870748255,0.0024738121621782814,0.0035766974538712585
0.00048379849595113863,0.0015158789632893725,0.004392518826395336
0.006510449960569665,0.0003520761626681773,0.004827583046222839
0.013428217021857258,-0.0009012217727589064,0.004966099645998629
0.02114574074317638,-0.002163191742821234,0.004862935172335514
0.02956278683876796,-0.003378414694605353,0.004565080476023027
0.038554112408345935,-0.004513644314548114,0.004116601328533092
0.04802757713024161,-0.0055514498612824785,0.003556035689414496
0.05786251494939618,-0.006488378538672765,0.002916009752855983
0.06802019403327829,-0.00732651296786778,0.002220162425713469
0.07838635882315717,-0.008076318885228376,0.0014868729765878115
0.08900617577756753,-0.008744626317305361,0.00072514482793937
0.0997263592397574,-0.00934699308443703,-5.688113744443465e-05
0.11071687361720467,-0.009885583500491795,-0.0008615538204781177
0.12168848351741983,-0.010379599494855786,-0.001685173036042849
0.13303986029560974,-0.010818848774549524,-0.0025395956423142235
0.14415935888557332,-0.011231430493317533,-0.003419406033099619
0.1559116004854493,-0.011583810301978673,-0.004347342389103592
0.16699453830788852,-0.011926923849493665,-0.005308552826699905
0.17926101682917914,-0.01218208283675914,-0.0063427503380020815
0.18996677196201042,-0.012452715784744953,-0.007413278254781735
0.20302375519944976,-0.012570715338252348,-0.0085902606740311
0.21268236976142496,-0.01275441653808293,-0.00979291564183152
0.22712762024412453,-0.01265552408181554,-0.011148505419312964
0.23444339216819415,-0.012734692406880105,-0.012490673639773901
0.25162283668151203,-0.012277919222695237,-0.014055058138939699
0.25411482676941777,-0.01225017763706662,-0.015511497781917181
0.2768669398304043,-0.011198754771667388,-0.017301636780376557
0.26960290878171556,-0.011127013748123834,-0.018784906564809453
0.3037849191508209,-0.009089564003649134,-0.020796749292608854
0.2771686957483552,-0.009203445597897273,-0.02211100355791138
0.3350410394658714,-0.005516067807105393,-0.02431526463983268
0.2705054356220793,-0.006420191332282315,-0.0250693789360713
0.37698257569569477,5.6737827362972684e-05,-0.027367793390538245
0.23800610018154164,-0.003069728784447892,-0.02665837818027342
0.4424020506918462,0.008134981281214612,-0.02834829416159073
0.15768510176134748,-0.000430886506899868,-0.0231009018668394
0.5561144950249245,0.0185501423069975,-0.020034594976586557
0.0,0.0,0.0
0.0,0.0,0.0
-0.013655266734085595,0.003938643591796265,0.002737519087207544
-0.011643077469578373,0.003312451726126255,0.00441393024552988
-0.007711391278324241,0.0020906179224459355,0.00539390166754368
-0.0022948099852544966,0.0006291169285509733,0.005891135243159059
0.004522898400122863,-0.0009081444634073484,0.006021558354820477
0.012562463992021515,-0.002413067634653354,0.005864254272944967
0.021611898741714177,-0.0038194348487166473,0.0054852380165399395
0.03143428154872571,-0.005095099922481763,0.004943261459844154
0.04185541677400731,-0.006230002407185364,0.0042873746063384266
0.05268970676227942,-0.007230961622403447,0.0035573373802077466
0.06387238701376374,-0.008109655983092105,0.0027806876971110117
0.07525907593880753,-0.008885705681885377,0.001977824169514684
0.08690761614147817,-0.00957211734656001,0.0011575393826905546
0.0986389403606569,-0.01019082044186664,0.00032749953502401183
0.11066536043468375,-0.01074637729635041,-0.0005169965827071096
0.12264992887759685,-0.011263016600505117,-0.001373309966373318
0.1350750388028009,-0.01172950168432113,-0.002256948898107788
0.14722888398508902,-0.01217967440843625,-0.0031629495535259594
0.16013497319559483,-0.012574889625389477,-0.004119207813526649
0.1722866993288424,-0.012975154399797134,-0.005109717821325137
0.1858406530187734,-0.0132902082694521,-0.006181984715275334
0.1976496230213609,-0.01363977359489611,-0.00729517714879204
0.21220566904777863,-0.013832475094756899,-0.008532001273053758
0.22297604423370557,-0.014117107893926463,-0.009801863484594144
0.23924619915097903,-0.01410035893507556,-0.011253059621087342
0.2475987633853259,-0.014300213423350786,-0.012698915702346136
0.2671135961809491,-0.01391659537746093,-0.01441074871413254
0.2703848297026804,-0.014022501231502765,-0.01601862462999655
0.29629625383748265,-0.013002258612682609,-0.018024887508441223
0.2891486907035845,-0.013064099595722358,-0.019713528886915032
0.3278160207171273,-0.010956068517653995,-0.022023511515065222
0.29978446474204434,-0.011185720986046562,-0.02358879331443927
0.3643370398265271,-0.007224819362125591,-0.026174242888163196
0.2951515411709456,-0.008215679208609999,-0.027182344552011066
0.412147456925732,-0.0011068739081388657,-0.02990732150307279
0.26202029638409363,-0.004337939700618366,-0.02931236883411023
0.48407221865381705,0.008055367485608178,-0.031282731657413
0.1753264216967066,-0.0009087522296544304,-0.025555056429262018
0.6062932731833622,0.020026710872052978,-0.021989849623470347
0.0,0.0,0.0
0.0,0.0,0.0
-0.01752793668636567,0.004934197834456804,0.0035414664577055515
-0.015642304704512982,0.004150014218172335,0.005708013045594053
-0.011650054710664572,0.002640609520354075,0.0069425018964759545
-0.006163126035612068,0.0008659396414295137,0.007518961471830941
0.0007097945091374479,-0.0009608904917436277,0.00760529032424323
0.008805278200024663,-0.0027075945330116186,0.007327033106485554
0.017948858961615334,-0.004300687262875097,0.006788322080808833
0.027930171702948925,-0.005711099114236013,0.006075773605812216
0.03859282819875751,-0.006936596473929489,0.005256062716036524
0.049740276702994225,-0.007994225747283163,0.004378591210010886
0.061304145045320016,-0.008905186290433213,0.0034744676169156607
0.07310775919357435,-0.009698635764444827,0.002564501877432755
0.08521516575870437,-0.010394127148803781,0.0016552386036985953
0.0974046699804588,-0.011020709996516224,0.0007520430917685798
0.10992558054674677,-0.011585577679968324,-0.00015379833895549173
0.12237482291224219,-0.012118737103844802,-0.001061842668684529
0.13532318093214044,-0.012607675510056853,-0.001992413536408296
0.1479359135959187,-0.013092873398687838,-0.0029415184973238468
0.16141412065573868,-0.013529764749833527,-0.003943260767495489
0.1740102167376957,-0.013988878089561351,-0.004980508344636328
0.18822473239801182,-0.014366725961535189,-0.0061100038027352204
0.20044252116789255,-0.01480189506605429,-0.007286205855241307
0.2158136054689262,-0.015076584794250785,-0.008606981346821523
0.22690333297265275,-0.01547460612793985,-0.009970432205467146
0.24424292564413919,-0.015551766703343739,-0.011550797804512992
0.25269718981531775,-0.015891438232900235,-0.01313765560346651
0.27370149700428115,-0.01559684503812132,-0.015047220840803533
0.2766086385892392,-0.01586318680576784,-0.016862328442590613
0.3047356705535543,-0.014892980182265566,-0.019162578781660916
0.2962836176736135,-0.015124311821124704,-0.02114069986868419
0.33845145840635726,-0.012965930932577903,-0.02386704982054406
0.30729073641543503,-0.013359697557156503,-0.025802771378764036
0.3777405504303475,-0.009145528748975016,-0.02893368393105747
0.30209038229712226,-0.010289054856646955,-0.030337666689916096
0.4296446203452513,-0.0025675620590233862,-0.03367412748678429
0.2671631989834064,-0.005981661197156783,-0.03328396940493621
0.5085455967364518,0.0075667394294041705,-0.03564404763892527
0.17738341289865336,-0.0017978218635319517,-0.029256864622147633
0.6419114994244154,0.020838056688514427,-0.025069904102645466
0.0,0.0,0.0
0.0,0.0,0.0
-0.02665210630387023,0.006509301029314755,0.0043842242242901125
-0.027931476836572836,0.005449975432840132,0.007025654797584988
-0.025930193622842993,0.003443280343050303,0.00846016448604887
-0.021323161334481967,0.0011433325335010506,0.009053733305104611
-0.014347146743930783,-0.001141802072703709,0.009047404981707337
-0.0054178053990094,-0.003238544715224387,0.008620396704838872
0.0050214993009116615,-0.005069853272171553,0.00791331140708185
0.01653240013679298,-0.006624134501419356,0.007035932276673179
0.02881167000754156,-0.007923416227318096,0.006068166226742711
0.04156724934788152,-0.009008684555195788,0.005066017936358293
0.05470277299575052,-0.009919863639099717,0.004062291828262027
0.06801268941243864,-0.010701059435937174,0.003077095229105712
0.08159013341811223,-0.01138070855358958,0.002113953888499723
0.09518838822904636,-0.011995994990697723,0.0011754440331271647
0.10912154710140672,-0.012556405588747294,0.00024838015952575494
0.12292833328656799,-0.01309777605838404,-0.0006691567953757457
0.13729645761921383,-0.013605325775980488,-0.001602647325022587
0.15126154349305884,-0.014126668629306647,-0.0025489073187624778
0.16624036644758883,-0.014610032197505129,-0.0035486843600294874
0.18021739346191953,-0.015138044082365153,-0.004583130221399211
0.19609963116343967,-0.015592064578725452,-0.0057191508541482375
0.20974341022606158,-0.016132891884495376,-0.0069051694269700835
0.22706902720160058,-0.016512871797600095,-0.00825635717639208
0.2396186738321001,-0.017057042751946035,-0.009656699645419814
0.25937434516920094,-0.017263775678748417,-0.011311108275290586
0.2692483932210507,-0.01779268075095174,-0.012979516699749909
0.29340285237023783,-0.017637503317361348,-0.015032927102867029
0.29750442426685336,-0.018133681304757225,-0.016994930563594416
0.32996360439560213,-0.017276991144677695,-0.01954218464117316
0.3220451187341738,-0.017764160526957597,-0.021752701494170957
0.37041609871041403,-0.015616859191779853,-0.024866218392105614
0.3381213347831374,-0.01625699383120972,-0.027127512916341728
0.4177111391144461,-0.011803417642638613,-0.03081236691858036
0.3371231964321322,-0.013124983463857962,-0.032596900731691136
0.47855182000892055,-0.004661782111626398,-0.036618673602330024
0.30297087321164007,-0.008160662621660734,-0.0364670392316011
0.5665326868121879,0.0069694254055730435,-0.03934952633779493
0.2051185213237476,-0.0026895676714671695,-0.03238853493359049
0.7100713060785135,0.022694193273111528,-0.027591993064931507
0.0,0.0,0.0
0.0,0.0,0.0
-0.03169396110567332,0.007971687029683745,0.005801470482520685
-0.0324085622669413,0.006595055174981616,0.009265937410037915
-0.02971255146491667,0.004073299258310187,0.011044441109442478
-0.024656776387490496,0.001264060800992761,0.011639756584248895
-0.017519014653851122,-0.0014402301135885167,0.011425617911329851
-0.00862259893112174,-0.0038421818208334026,0.010690591724178728
0.0017239735949093346,-0.005872525887791713,0.009651574975531025
0.013177350326388943,-0.007540181796127887,0.008463263455424938
0.025486474857828827,-0.008889629761228783,0.007226453168238739
0.03835231701652665,-0.009983039241999123,0.006003048385379877
0.05167233782252873,-0.010877006338055564,0.004823198433468645
0.06519502730810284,-0.011629852822811863,0.0037012113824514215
0.07901991758684393,-0.012278641697657751,0.00263307233313596
0.0928434523705797,-0.012869128609950235,0.0016150807030472561
0.10702950538071479,-0.013413005059529491,0.0006269738982585018
0.12103008740995294,-0.013952568871564626,-0.0003372634402878784
0.13565113007315033,-0.014470210044088312,-0.001309674033749719
0.14976589375463367,-0.01502166674177222,-0.0022885865661704426
0.16502788667349547,-0.015546721656805075,-0.00332246204942994
0.17910172051306142,-0.016142040178431443,-0.004390782838344436
0.19535251603426695,-0.01667143759774063,-0.005572155132682098
0.2090131495683723,-0.017321712644764883,-0.006808275103171433
0.22688188544775734,-0.01781070975958458,-0.008234769225422803
0.23929841500414661,-0.01851183812675293,-0.009719426900698606
0.25990894668764924,-0.01885708111745573,-0.011504687909092915
0.26933446512057846,-0.01959550802910645,-0.013315690648554776
0.29487654351925624,-0.019594637331692512,-0.015592720863636474
0.29788918391517055,-0.020354238699079506,-0.017788152902129102
0.3326656333229118,-0.01963307968054548,-0.020704779787502334
0.3224115691442556,-0.02042968380156305,-0.023278968902343784
0.3747489767047579,-0.01832604519678383,-0.026974146478589003
0.33777714355446714,-0.019299101159639093,-0.029759355531438016
0.4243910643832164,-0.01465861012071551,-0.03429319661309654
0.33499968226103904,-0.016296777579177198,-0.03672095243956105
0.4893832497229118,-0.007181551506152737,-0.041803924371845436
0.298166779405443,-0.01094897445382297,-0.04209876883815059
0.5857439655755983,0.005581683098532969,-0.045789543680331876
0.19840430298336265,-0.004383265762816397,-0.03796221935504201
0.7433486686635887,0.023025183416528434,-0.0324087896030103
0.0,0.0,0.0
0.0,0.0,0.0
-0.04785472998285477,0.010550022815527992,0.0072308931779052855
-0.054531205174733824,0.008559964661409306,0.01141349497387638
-0.05514851429581452,0.005053089348290841,0.01336294229772094
-0.0510059468323595,0.001306961298966713,0.013806110163035918
-0.04289371702912896,-0.002111644832290875,0.013293058986096205
-0.031829726491474315,-0.00496894269588494,0.012223004871258299
-0.018734540393799935,-0.007234329267909513,0.010871781047903362
-0.004379492880367209,-0.008981081081165108,0.009420547120871913
0.010759387944877826,-0.010314026857898754,0.007978078918616908
0.02627657600913629,-0.011341912101849441,0.006604830194596794
0.042067898273904315,-0.012151498425523764,0.005324591373852075
0.05787879696459407,-0.01282087082045362,0.004144065393438278
0.07387386642424697,-0.01339643423215795,0.003050845789627742
0.08973724043867301,-0.013931607357501617,0.0020345647866988953
0.10593120162647482,-0.014438191683069526,0.0010677972790391966
0.12184193570849683,-0.014963795497722976,0.00014057621335238226
0.13843557103509502,-0.015485955905144868,-0.0007854734834622537
0.1544207581865873,-0.016068693179318097,-0.001709671730459216
0.17174030362536807,-0.016641399572487357,-0.0026879581706499216
0.18770828127257436,-0.01731682491827427,-0.003697182737397758
0.20623512742553005,-0.017938571266005763,-0.004827880005281252
0.22185121481796657,-0.018724403388480602,-0.006013180867476727
0.24239542107839265,-0.019352837387696234,-0.0074108084320794266
0.2568340427627712,-0.020255580295039814,-0.00886847824680659
0.2807895664005647,-0.02078857682032094,-0.010671300952613502
0.29224076118390707,-0.021808866155769466,-0.01250101540219829
0.3222226290507537,-0.022038097318184256,-0.014880349095071703
0.3270768170239614,-0.0231730123592608,-0.01717149847335928
0.36808489217178586,-0.02269543182423727,-0.020334009641615747
0.3590237738130698,-0.023959720331307662,-0.023122464560110856
0.420456315601071,-0.022028128096087687,-0.027290640932352915
0.38287798835096415,-0.023517272117815957,-0.030451540649033527
0.48298193143924806,-0.018771119832943294,-0.03578177452451663
0.3884842870590337,-0.02084157375935219,-0.038744612114957645
0.5629038412966073,-0.010919852311117667,-0.044967704173579724
0.3559575689065453,-0.014834097985682285,-0.04571234348418223
0.6739117588305833,0.0038716455916375657,-0.05045930203196601
0.246172387090937,-0.006171665471851756,-0.04196937675744253
0.8451600315945548,0.025473986444944925,-0.035757655387950435
0.0,0.0,0.0
0.0,0.0,0.0
-0.05363272648911532,0.01265016314509262,0.00992438612035433
-0.057596777036460656,0.009981610741722302,0.01550672512335478
-0.055768093588878895,0.005554560457680852,0.017811464066011345
-0.05032201516223643,0.0010390852747812615,0.017950534675981063
-0.041998358765441945,-0.002896763054549735,0.01682071133300041
-0.03140270290742128,-0.006041351525860378,0.015060462852832955
-0.019031370075208397,-0.00842294449343824,0.013076074408834503
-0.0053973816126829536,-0.010172876847470255,0.011100549829600877
0.00913612944106614,-0.01144151831096923,0.009249271577051294
0.024157882598677603,-0.012371577068076563,0.007569071792308553
0.03954603305321949,-0.013072181714225672,0.00606377913252252
0.05498014552777842,-0.013637535488155224,0.004721203283926271
0.07062854514739159,-0.014121691013496633,0.0035124863348098855
0.08610274019294185,-0.014585390653963162,0.0024151213916296013
0.10192802813859803,-0.015039911321481891,0.0013910904013383358
0.1173802698315598,-0.015538482778109068,0.00042419127739202654
0.1335762869577964,-0.016052839632930953,-0.0005316450654458003
0.14901389741345544,-0.016656266327506893,-0.0014777021817307184
0.1659417699223054,-0.017266070368015616,-0.002478118835593233
0.18125253942573724,-0.01801348831846453,-0.003507498046793428
0.1994591296173308,-0.018718618201295934,-0.004669331978866068
0.2142574528176078,-0.01963540214659109,-0.005887975240566101
0.2346631973315057,-0.020396300222352566,-0.0073459483756175776
0.24800927543566292,-0.02150198785063198,-0.008869282484424411
0.2721908905296026,-0.022218618341343664,-0.010793069154396508
0.28202710567859035,-0.023532497951424102,-0.0127502636182479
0.31290408722959373,-0.023992163225485048,-0.015364527300708803
0.31513781625567194,-0.025533008179454572,-0.017892802583599456
0.358254534627693,-0.025308235634648332,-0.02149491653430435
0.3446856847840591,-0.02710752168363446,-0.024704682108530766
0.4104315110046586,-0.02538055074720867,-0.02966082042953524
0.364934586025106,-0.02752818177046632,-0.03352333828655027
0.47347729324433924,-0.022772355493829662,-0.04017367236850614
0.3653607070780316,-0.025558555142243304,-0.044155578963132686
0.5562587685629241,-0.015072709437233425,-0.052294286151166644
0.3272897800205093,-0.019578989344413968,-0.05397054401632986
0.6765923890723893,0.0007310446938515994,-0.06054806425429664
0.21778710876422144,-0.009498865607076403,-0.050948610716200576
0.8657638883282559,0.024484649268628367,-0.04405867605683289
0.0,0.0,0.0
0.0,0.0,0.0
-0.08427427424417726,0.017080802291199054,0.01253704289536668
-0.09964363622469108,0.013002049961283917,0.01911119262184551
-0.10281698608564953,0.006648037108267399,0.021286740118542237
-0.09716490059492386,0.0005742008670387816,0.02079678418292148
-0.08519036772608204,-0.004314030848778913,0.018937237103677264
-0.06927525122366501,-0.00787239821593998,0.016532758827515814
-0.05117150101334496,-0.01030138457766098,0.01404938526271893
-0.03207254878957308,-0.011897679715761444,0.011721496460446712
-0.012584237238673539,-0.012928783785341937,0.009644156077547402
0.0068493333067869075,-0.013607537043027343,0.0078389490760163
0.02620008669518676,-0.014077517018803186,0.0062858791472943576
0.0452187361929154,-0.014448848821416588,0.004953126015286259
0.06420405664399849,-0.014778040709589414,0.0037960397432404273
0.0827873915970868,-0.015127572883769355,0.002780913396549838
0.10163749030982867,-0.01550287762612349,0.0018605754311298776
0.11996461641234546,-0.015959566659912695,0.0010137817354643154
0.13909602022676698,-0.016460209418262133,0.00018848971246060217
0.15733037106491637,-0.017086867006182622,-0.0006173563105830737
0.1772909088176031,-0.017742194999711438,-0.0014742104009438134
0.19542493819832188,-0.01857828448874174,-0.0023532122316748
0.21696081465587147,-0.019388406173672462,-0.003368895607176457
0.23467355684536811,-0.020469357420575873,-0.00443519328772871
0.2589741087466462,-0.02140120287495189,-0.005758054175640639
0.2753472145135769,-0.022768219680253346,-0.007138517417002057
0.3044058650988113,-0.023733117864271295,-0.008962828425785893
0.3173231109489975,-0.02544137242041183,-0.010806847555372236
0.35474454569558495,-0.026238611019342384,-0.013404564721711127
0.35990580710078673,-0.028356978976962113,-0.01588608511688049
0.41239743076398677,-0.028556312685753295,-0.019643878832549082
0.40108011594889026,-0.031167580209922805,-0.022937580885783956
0.4809115148050294,-0.02988853645883995,-0.028381591501362803
0.4356550062335378,-0.03308378108949639,-0.03256028509744702
0.5657199370825432,-0.028557695189072887,-0.04028470233030321
0.4523785273019094,-0.03244266879415736,-0.04491900873257724
0.6756326208194681,-0.021292217200847535,-0.054963802544576966
0.42694709881317605,-0.02641293770135512,-0.0574177222015644
0.8239638221140818,-0.0031359175599751966,-0.06625934327045473
0.3065902585364974,-0.013236822982918367,-0.055967182740261925
1.0365997054675784,0.027910965762379083,-0.04875523250211361
0.0,0.0,0.0
0.0,0.0,0.0
-0.0893991834694063,0.020297661528801837,0.01804639043374184
-0.09571521443126714,0.014937980107577294,0.02686568108187779
-0.092143687059774,0.007286623555281749,0.028977387701925907
-0.08385487392940587,0.0004656836143096327,0.02728316033286282
-0.07239078175642581,-0.004675262271752249,0.023918459127119557
-0.05857816628615589,-0.008174238276301501,0.020147761349298063
-0.043025921774950696,-0.010381243749737151,0.016589094181258455
-0.026382075609819405,-0.011688538843754046,0.013477425509583757
-0.009089612386920605,-0.012418777664820118,0.010852212359922384
0.008365932900646056,-0.012816090936246935,0.00867197938683336
0.02589766847285948,-0.01303866355645801,0.006864201778593767
0.04315656536589212,-0.013203934812774671,0.005358541490897529
0.06043231347090497,-0.013367283640133648,0.004083362294077206
0.07726518822141573,-0.013591692641048089,0.002987021728720628
0.09439216154486861,-0.013875757464414863,0.0020096635181417336
0.11088808422616635,-0.014277451648217228,0.0011224563998797267
0.12825384995597353,-0.014749142762566288,0.0002664597658876118
0.14452627199420987,-0.015382477479222015,-0.0005626355745977858
0.1626956810360684,-0.016063627273155526,-0.0014415446619772763
0.1786776044904866,-0.016967944808410667,-0.002339431827015924
0.19845144083836477,-0.017857965804552827,-0.003381420788885664
0.21371348587255554,-0.019079217700590578,-0.004472867664358567
0.23639577637849518,-0.02015062909026874,-0.005843093313987857
0.2498112739533281,-0.021753566523039766,-0.0072700893818672535
0.27761980733383096,-0.022927854030834104,-0.009194126066389207
0.2866593271862027,-0.025008254879654603,-0.011134203390718994
0.3236145937473497,-0.026095608838038353,-0.013948167075354661
0.3231770098166912,-0.028784729752703454,-0.01663147288004898
0.3767657464883357,-0.029355909560303747,-0.02085450640874356
0.3566522033042815,-0.03282199211627061,-0.024567628989119968
0.4406112161313267,-0.031962155845108656,-0.030989067532116586
0.3808270465132155,-0.03639066460418014,-0.036009024712475676
0.520919236830442,-0.03219856998386019,-0.04568647470340219
0.3836934105245624,-0.037719666699426585,-0.05183791627167929
0.6287423096289183,-0.02643628126459831,-0.06533386299329882
0.34391005268191244,-0.03328512481403881,-0.06966065994255306
0.7845792897555705,-0.008661270331586935,-0.0828321665767959
0.22590618010488783,-0.019363987075346093,-0.07132833662195141
1.018940686161924,0.023862652412772314,-0.06467788851103441
0.0,0.0,0.0
0.0,0.0,0.0
-0.15342093846157454,0.029178920839127567,0.022946967757318762
-0.18065596240818776,0.021087900915989354,0.03258849791252308
-0.18234397772182467,0.010414398219572638,0.033489038722108046
-0.1686432470619099,0.0017925091965342345,0.030146328924809996
-0.14639826517006901,-0.0039060789399538564,0.025387546823318893
-0.12043302354900005,-0.007149268065526378,0.020644018910535696
-0.09345912128231924,-0.008721912484207697,0.016493732396304618
-0.06684381820651698,-0.009305921545984901,0.01307974006440735
-0.04101604459063879,-0.009369867049647906,0.010354597880617966
-0.0162135927788149,-0.009211630526934052,0.008209436465612393
0.007788404018332645,-0.008994430197131876,0.00652404131843967
0.03085717523632026,-0.008824247305143291,0.005195943733224851
0.053511993302359756,-0.008737484498478207,0.004132959769268041
0.07537070791785624,-0.008784135964072733,0.003270642218900223
0.09736627630329263,-0.008946243267348466,0.0025417091281318017
0.11852487201214053,-0.009278224322732702,0.0019132761487711254
0.1406059319745775,-0.009717643538942895,0.0013242768120584768
0.1614292447060709,-0.010364295652057076,0.000770286198996939
0.18443813308751267,-0.011085062915906604,0.00017358855630849517
0.205024713976215,-0.012080685818358597,-0.00043231483218668935
0.23005089193641523,-0.013079557174666844,-0.0011760889413277395
0.25007780311327027,-0.014483394470665774,-0.0019556589344226745
0.2788154000643198,-0.015742878367971155,-0.0030131767249344694
0.2971997446783846,-0.017654877130411903,-0.004107209907055646
0.3324941260208211,-0.019119197352373385,-0.005716148956825586
0.3466424343836161,-0.021702246191727396,-0.0073082546555672
0.3936082822478628,-0.023218593557678337,-0.009843524550888846
0.3981475846206814,-0.026719268303762967,-0.012187802891726553
0.46625532859091295,-0.027905487360380836,-0.016269375372356235
0.4502995301918081,-0.03266847254188912,-0.019718386284986032
0.5568101852569298,-0.03263142912545953,-0.02637469514050951
0.49865406907985077,-0.039046188544654956,-0.0313654007965008
0.6750616018271449,-0.03572623852461628,-0.042171022210179654
0.5322827048500139,-0.043936759687116474,-0.04883822310364093
0.8352854665831243,-0.032725788125771975,-0.06520749051608318
0.5236940929538817,-0.04220162802417905,-0.0707022601241436
1.0533154749523292,-0.01414036312555897,-0.08858141203120808
0.4002608996077804,-0.02595638139863071,-0.0766744747046014
1.3451254244888686,0.02982438352587313,-0.07151765371560283
0.0,0.0,0.0
0.0,0.0,0.0
-0.15395226042226529,0.03632886494578255,0.034197208008722245
-0.15301167983102415,0.02765297280746729,0.04661306884709061
-0.13900142950796174,0.017463592916929727,0.045735966940105476
-0.12262119419990576,0.010173379362850874,0.03920544272019583
-0.1049675035079088,0.005968611674307894,0.0314781379839547
-0.08609253669419545,0.004052355331139731,0.024516173153575675
-0.06629638865730965,0.0035647021841830225,0.018881030512215256
-0.04618190699190233,0.003841943992996668,0.014526156537158386
-0.026139156552562458,0.004453047099917168,0.01121500962622923
-0.006600481879446515,0.005134357523190923,0.008700269890054348
0.012493192420968142,0.005753051117359352,0.0067732234458435445
0.03084786380100482,0.00622663881369841,0.005277875548662314
0.04893398171214922,0.006540873644722025,0.004091149352161149
0.06625201975901979,0.006659173628161028,0.003130168069674185
0.08377974293426123,0.006615812030356946,0.0023177237778641
0.10038548576980076,0.006359528109045853,0.0016143659783718646
0.1179864423814988,0.0059675583956317075,0.0009563687802657146
0.13410918694911456,0.005331509060630265,0.00033667111994678886
0.15256710238525772,0.004604730223737522,-0.00032280351194779235
0.16815693079259758,0.003560058362297193,-0.0009895724613336679
0.18854913136666482,0.0025063667548312894,-0.0017934980390093187
0.20306665847403105,0.0009824019915817422,-0.0026311119551571506
0.22714814407204936,-0.00038591154447960817,-0.003752263494937105
0.2391429603548009,-0.0025211454625021627,-0.004906221234345907
0.26996572910824385,-0.004161891341126747,-0.0066006866406777605
0.27615923616595106,-0.007134878722126906,-0.008269500233823996
0.3193230057598996,-0.008916709425925543,-0.010964807892638338
0.31300251573207327,-0.013091235756407743,-0.013445678100104691
0.37900967681507836,-0.014660371508488366,-0.017904327561204893
0.34669672835989795,-0.020590814527206777,-0.02166885025114077
0.45493779647496346,-0.021088872303377488,-0.029289389642209552
0.37018375778317536,-0.029528638190055644,-0.035082780895683785
0.5565748117172643,-0.026938488565250225,-0.04832794481237023
0.36965980532375237,-0.038584836259795696,-0.05692930189260207
0.7003176056186374,-0.028300861160467556,-0.0788933320574496
0.32161204364095597,-0.042979778019597605,-0.08779458302121186
0.9132738863935363,-0.015813433098384344,-0.1154061085934449
0.19435459532970986,-0.03237438874587684,-0.10307814741597632
1.2236080357563874,0.021312728162281816,-0.10438895831821504
0.0,0.0,0.0
0.0,0.0,0.0
-0.30155235164813277,0.05963344919580778,0.04115920979325337
-0.3326431743480638,0.048844599636939094,0.052056748996319284
-0.3145422127973749,0.037513556112905064,0.04783325465274951
-0.2756903284854127,0.03127888620861102,0.03868603851133552
-0.23064607717084534,0.029356862709635,0.029436260209253193
-0.18643192564843886,0.029962432425639746,0.02180542762137984
-0.1454123845001061,0.03168713858511926,0.016057155999973878
-0.10795312317026749,0.03369468100839561,0.011915838421341774
-0.07353593349763438,0.035580702507948814,0.00899345498372531
-0.041740458151685804,0.03717409242678588,0.006950469309731822
-0.011838478117851938,0.03843796869354128,0.005527263009943393
0.01630289576424844,0.03936429567331729,0.004541069478171708
0.04350577498069195,0.03999509434427589,0.003858436991062765
0.06943269991071452,0.04032846140416633,0.0033918621874204176
0.09531075808375106,0.04042797025735489,0.0030672289944974613
0.12000595386556802,0.040253123169878495,0.002845428688508163
0.1457277979518408,0.03990094152486086,0.002671076011940144
0.1698121301329588,0.03925652707085613,0.002536180657836381
0.19656628801940196,0.03849599878162212,0.0023756532635209942
0.22025835376041897,0.037364298223483645,0.002216296166181195
0.24953419023391413,0.0362105325086595,0.0019485962179806417
0.2724860849856879,0.0345070352662722,0.0016616164342314794
0.3065883726619209,0.03296336313620658,0.0011378667481494644
0.3274582139083129,0.030511852823164647,0.000599438906010837
0.37033922989895457,0.028594416961813005,-0.00041229744061028984
0.38580858587630557,0.02507311528988732,-0.0013792905607744848
0.4447190768785554,0.02286180290938039,-0.0032908117027287127
0.447714752842696,0.017714108564473897,-0.004968943450912528
0.5363893186722294,0.015468778091465445,-0.008567480367063342
0.5124056445461035,0.0077631817278305355,-0.011445578947433085
0.6567005862925694,0.006189494101397385,-0.018299051394727806
0.5766946781461072,-0.005513778205309257,-0.023259476664298007
0.8250070038156565,-0.004546890325923771,-0.03644759752496296
0.6321006821553317,-0.021964692402810133,-0.044767707161337045
1.0724710697774726,-0.01342900702247351,-0.06905659640757503
0.6532474269078675,-0.03704483636187366,-0.07918548423075758
1.4366625963343973,-0.008045796149803872,-0.11380032601178332
0.5468266140320763,-0.03514259854604391,-0.10284377421109613
1.9317494958377863,0.03890734511004369,-0.11053517370070894
0.0,0.0,0.0
0.0,0.0,0.0
-0.2763565298976677,0.08401967404135399,0.05980166953208905
-0.22711562713298286,0.08312855102239236,0.07147766420582294
-0.1838545766165216,0.08346822570279494,0.06196237178483825
-0.15302921420345084,0.08650635573165684,0.047354198233289437
-0.12715653320791814,0.09068639402623362,0.03425918583899969
-0.1028627010079815,0.09503675070655458,0.024350666256582817
-0.07946667284658268,0.09904713950665608,0.017366324682719043
-0.05721638073307279,0.10248410237003852,0.012565248197288912
-0.03618751737909051,0.10529194981976939,0.009266079247045306
-0.016533716926083915,0.10749473559396297,0.006971708541405445
0.0020818882929314456,0.10916943983725991,0.005346826813694009
0.01951563521149694,0.11037594541537517,0.004173765551246146
0.03642842373909306,0.11120120407803742,0.003305728572673985
0.05232194404558881,0.11166936973306006,0.0026486047197776894
0.06836201011275979,0.11186557984347711,0.002129038112536733
0.08326174767482845,0.11175663958094714,0.0017056465187231026
0.09925141281734065,0.11145447544851088,0.0013283291339308135
0.11344744112493119,0.1108384577072942,0.0009850992051564367
0.130313393046882,0.11010346621977515,0.0006204982082865789
0.14371216127818676,0.10897181911570368,0.00025234036421607477
0.16273160629911093,0.10782812747678491,-0.0002119088364980867
0.1746166089841705,0.1060896668421219,-0.0007012972246943604
0.19792778503240788,0.10454279822780065,-0.0014039471429453075
0.20642024074508658,0.10199490023512273,-0.0021310195625946883
0.23790002896083945,0.1000595197674075,-0.003294054462711233
0.23876088152261135,0.09631869293418599,-0.004429351329716874
0.2857917376602082,0.09407167406093811,-0.0064649693526376666
0.270152934882953,0.08844537552862118,-0.008293516901276212
0.34707462608127115,0.08614120681194169,-0.01204377667624692
0.2967191136058871,0.07739371199869953,-0.015104098186164885
0.43111665749323935,0.0757040775955671,-0.022409680570058994
0.30936017304872054,0.0616790434287568,-0.0278257748120955
0.5540883827628998,0.06223706530387233,-0.04279679925087392
0.29005580559985955,0.03946953272752251,-0.05269717165561954
0.7444739706502548,0.04615902435340783,-0.08328990795251376
0.21036778314969698,0.010442470793102817,-0.09781955276478413
1.0482961327144005,0.032280821016143074,-0.14990288946167443
0.05431813408641998,-0.015988422670643147,-0.14151096900273505
1.5012285249173132,0.035758157251619335,-0.17659283334710285
0.0,0.0,0.0
0.0,0.0,0.0
-0.6341777000996252,0.1564020404316062,0.05468817967064729
-0.6080994399676162,0.16409313015306506,0.059057602425008106
-0.5160282815110364,0.17358396362239228,0.04753119144857163
-0.4191401812639263,0.18601811109678773,0.03377913636550482
-0.3342901022765728,0.198019430697479,0.022463460163650993
-0.26349475344985734,0.20799959786749292,0.01448798232859673
-0.20411214335484815,0.21571261694309965,0.009340482078157158
-0.15319160205500956,0.22147088335623397,0.00620478263653309
-0.10827866489577394,0.2257108006209463,0.00438842311189062
-0.06788164006489236,0.22880070099741628,0.0034080110138412847
-0.03061515831043125,0.23103319537676745,0.0029561838095054525
0.0040120068877644455,0.23259437107057268,0.002841023508839224
0.037135482969756946,0.2336471955396529,0.0029464834341494375
0.06851863509673874,0.23425754894238413,0.003195406392498874
0.09964313181942679,0.2345409104079137,0.0035429314628550724
0.12929227198429216,0.23447521782768174,0.00395082658461736
0.16003309133450977,0.23419086725323982,0.00440253598119993
0.18885222593750928,0.23356118013505778,0.004870265766405863
0.22074677520086705,0.23280298244936198,0.005351586792719375
0.24909850163338304,0.2316119843421807,0.00581563894880742
0.2840369201017015,0.23041410329323864,0.006268824587271915
0.3115722896689175,0.22856063550074252,0.006668460271134878
0.3524820358281188,0.22692828015455624,0.0070230577962987414
0.37759760742278525,0.22417198014844866,0.007274555896654828
0.42962326466709605,0.2221104677130322,0.007409847863142909
0.44817642470839913,0.21797578244334875,0.007371608771654399
0.5210657038637405,0.2155377421088614,0.007040717559373085
0.5238109894847832,0.20911355938517032,0.006444898248250902
0.6367980758478714,0.20649195842355947,0.0050856853736043
0.6039897275992991,0.19601577100541281,0.00337639108227373
0.7956037165615835,0.19372484782464283,-0.0003904012935941341
0.6861033368142603,0.17575959568871305,-0.00445885721599037
1.0345311525545666,0.1750684615400371,-0.014115607976268827
0.7641101751920508,0.1431071277468008,-0.02319068815447465
1.4275265189794883,0.14748871987102635,-0.04653950294242223
0.8204655792249504,0.0908412849356989,-0.06286275510591109
2.1079385664965926,0.11246691649871553,-0.10858852706726832
0.7562104577728819,0.021325916866525754,-0.11054712778296397
3.234146150158066,0.10637149443714677,-0.14557895489670464
0.0,0.0,0.0
0.0,0.0,0.0
-0.43274910731788097,0.2496697912081212,0.06927097966394265
-0.2502740005500172,0.30433636167814976,0.06882633974827856
-0.1723814114482465,0.3450398809809687,0.0513128012733255
-0.1343607068594406,0.3727392290497251,0.03453869445335715
-0.10743398519722222,0.3910922959399587,0.022400678785109155
-0.0844924991750892,0.40340905384476905,0.014505095385467336
-0.06414158752319814,0.4118284411749264,0.009586329866422506
-0.04609345548394358,0.41767414411955994,0.0065462852752620326
-0.029939166160776232,0.4217860108614512,0.004643110672257047
-0.015454094025708765,0.4246915804874389,0.0034233410372018574
-0.0021090289251257223,0.4267454793602702,0.002622490205765239
0.010094829414310318,0.4281594487600078,0.002083713740888181
0.021811097384505925,0.4291039910773067,0.0017155910515087944
0.032616907075694763,0.42964953751569435,0.0014570898851064547
0.04356544848448143,0.42990849571411427,0.001273943329350317
0.05348724059967059,0.4298621059690526,0.0011345768758561795
0.06439077349299471,0.42963415869925814,0.001027213772398254
0.0736354706363613,0.42910589225566337,0.0009268574443229736
0.08528613327565146,0.4284834097357195,0.0008341062153737333
0.09368564015720622,0.42747922680732936,0.0007193292033640814
0.1072157738391124,0.42650065735729553,0.0005927300432164896
0.11399567816872912,0.424930329721371,0.00041219697674397583
0.1313876662885441,0.4236124191073222,0.0001937080852338353
0.13461109306985844,0.42125534362882283,-0.00012071055435660381
0.15963066924531535,0.41962522950372,-0.0005285837940904927
0.15494137423612064,0.41603482940183617,-0.0010869233169766225
0.19508271341121317,0.41418477126331515,-0.0018850698123033347
0.1731499392702276,0.4084818205820629,-0.002887597223547085
0.24367749029143781,0.4066803711506944,-0.0045532800006274805
0.18463076641505513,0.39710082077683506,-0.0064134434169635345
0.31674480163734775,0.39600199405891295,-0.010216434243451972
0.1783694152194429,0.3788859862509819,-0.013911615875534118
0.4363377406576018,0.37987071108542736,-0.023486960376843814
0.13026046714612916,0.3473506923738066,-0.03138981415980132
0.6459788022244816,0.3527488653943473,-0.05690733970687592
-0.00409562036584269,0.2877860138139857,-0.07217836705832685
1.0248391031071575,0.2994391276522037,-0.13634846725827013
-0.24416941543080306,0.17090992070183253,-0.13909127928928233
1.6356413420650355,0.179417339226303,-0.2584957090258535
0.0,0.0,0.0
0.0,0.0,0.0
-1.2949584654191215,0.5102113835329132,-0.010294721071417538
-1.0074795013259126,0.5635887505395586,-0.001208606226360488
-0.7508589400938052,0.6007017886611611,0.000875432785427241
-0.5693605764816078,0.6297101511251294,-0.0011012173482106773
-0.44039266252514964,0.6498512055250075,-0.003266369357995741
-0.34369556603210666,0.6629828025113977,-0.004357748269616976
-0.2664452245877907,0.671416812531992,-0.004424445060385699
-0.2014623798870866,0.6769072851031205,-0.003829998782667356
-0.1445563821235924,0.6805754709648293,-0.0028742963073156665
-0.09347691239916844,0.6830743076235446,-0.0017490796438461955
-0.046424326628771204,0.6847979944422178,-0.0005443149626750426
-0.002675771908129146,0.6859608436209534,0.0006801649344877417
0.0391166454891139,0.6867263325981321,0.0019221355829497795
0.07880308431619121,0.6871541130287341,0.0031468631379285373
0.11805441007781017,0.6873508659650835,0.004393245740332298
0.15562262530955892,0.6872888469348172,0.005604929985342016
0.19434168312715536,0.6870927526418688,0.006870818073194082
0.23097612229401407,0.686634083740218,0.008071052151408176
0.2710361241355183,0.6861290389264978,0.009390553182514609
0.3072809913773216,0.6852732789129764,0.010572415805277704
0.35096294572736275,0.684501299866561,0.011999884435872993
0.386541444201081,0.6831582558381663,0.013129748560867027
0.4373608766119071,0.6821524718416255,0.01475638972109535
0.47051310090489024,0.6801023005901464,0.015741797676186154
0.5347192701497715,0.6789242738918165,0.017731163831540477
0.5606207182751289,0.6757091175480318,0.018354521575526316
0.6503420944275892,0.6745163473262739,0.021012898050638516
0.6576570721362099,0.669191316973735,0.02078592409990952
0.7976720359764575,0.6683696440601027,0.02468588696814732
0.7608387381882769,0.6589059313147053,0.022515016916756097
1.0038303303847063,0.6593168449298925,0.028683646167858234
0.865984315265929,0.6410924992497256,0.022090347093749393
1.3294930301123442,0.6445193466196224,0.03219894469417768
0.9628812062814608,0.606221108058142,0.015604733600687147
1.9255280393279024,0.6163961347401605,0.03214607739181688
1.0262406135836475,0.5284766898959434,-0.005058222777116603
3.207712158374712,0.5575999680571598,0.024122301151831484
0.9271360102336104,0.3410386172155626,-0.03840032713878644
6.4385726290188305,0.4603063166771102,0.02923973411711168
0.0,0.0,0.0
0.0,0.0,0.0
0.0,1.0,0.0
0.0,1.0,0.0
0.0,1.0,0.0
0.0,1.0,0.0
0.0,1.0,0.0
0.0,1.0,0.0
0.0,1.0,0.0
0.0,1.0,0.0
0.0,1.0,0.0
0.0,1.0,0.0
0.0,1.0,0.0
0.0,1.0,0.0
0.0,1.0,0.0
0.0,1.0,0.0
0.0,1.0,0.0
0.0,1.0,0.0
0.0,1.0,0.0
0.0,1.0,0.0
0.0,1.0,0.0
0.0,1.0,0.0
0.0,1.0,0.0
0.0,1.0,0.0
0.0,1.0,0.0
0.0,1.0,0.0
0.0,1.0,0.0
0.0,1.0,0.0
0.0,1.0,0.0
0.0,1.0,0.0
0.0,1.0,0.0
0.0,1.0,0.0
0.0,1.0,0.0
0.0,1.0,0.0
0.0,1.0,0.0
0.0,1.0,0.0
0.0,1.0,0.0
0.0,1.0,0.0
0.0,1.0,0.0
0.0,1.0,0.0
0.0,1.0,0.0
0.0,0.0,0.0
